# zHD       = redshift in CMB frame with VPEC correction
# zHEL      = helio redshift (beware: no VPEC corr) 
# MU        = distance modulus corrected for bias and contamination
# MUERR     = stat-uncertainty on MU 
# MUERR_SYS = sqrt(COVSYS_DIAG) for 'ALL' sys (diagnostic)
# ISDATA_REAL: 1   # flag for cosmology fitter to choose blind option
#
VARNAMES: CID IDSURVEY zHD zHEL MU MUERR MUERR_VPEC MUERR_SYS
SN: PS0909010   15 0.27000 0.27100 40.66109  0.21170  0.00000  0.01264
SN: PS0910017   15 0.32000 0.32107 40.92095  0.20350  0.00000  0.02357
SN: PS0910021   15 0.25600 0.25647 40.33405  0.19620  0.00000  0.01285
SN: PSc000006   15 0.23060 0.23090 40.31186  0.20860  0.00000  0.05792
SN: PSc000010   15 0.24570 0.24450 40.49145  0.15920  0.00000  0.01862
SN: PSc000011   15 0.38120 0.38000 41.73044  0.16290  0.00000  0.04309
SN: PSc000014   15 0.13610 0.13690 39.02335  0.13940  0.00000  0.03455
SN: PSc000038   15 0.15050 0.15130 39.24742  0.15040  0.00000  0.01526
SN: PSc000063   15 0.54430 0.54342 42.42439  0.11810  0.00000  0.02564
SN: PSc000069   15 0.33660 0.33579 41.28366  0.13270  0.00000  0.02607
SN: PSc000076   15 0.26030 0.25970 41.85771 178.91840  0.00000  0.01393
SN: PSc000077   15 0.50710 0.50650 42.65450  0.15150  0.00000  0.01534
SN: PSc000080   15 0.45180 0.45120 42.14713  0.10730  0.00000  0.00977
SN: PSc000086   15 0.46050 0.45965 42.32517  0.14300  0.00000  0.02269
SN: PSc000090   15 0.36810 0.36728 41.61909  0.15280  0.00000  0.03742
SN: PSc000095   15 0.33090 0.33030 41.36734  0.13120  0.00000  0.02142
SN: PSc000102   15 0.24000 0.23915 40.04346  0.12650  0.00000  0.01435
SN: PSc000142   15 0.43650 0.43600 42.14519  0.14760  0.00000  0.01428
SN: PSc000150   15 0.20720 0.20670 40.11477  0.11130  0.00000  0.02006
SN: PSc000156   15 0.43860 0.43810 41.82835  0.12150  0.00000  0.01205
SN: PSc000174   15 0.24490 0.24430 40.42298  0.17890  0.00000  0.04029
SN: PSc000190   15 0.10230 0.10110 38.58140  0.16480  0.00000  0.02486
SN: PSc000196   15 0.35030 0.34910 41.30536  0.14560  0.00000  0.00881
SN: PSc000199   15 0.37120 0.37000 41.48872  0.09620  0.00000  0.03342
SN: PSc000200   15 0.43180 0.43060 41.95725  0.18020  0.00000  0.01584
SN: PSc000202   15 0.61920 0.61800 42.80494  0.09420  0.00000  0.03599
SN: PSc000210   15 0.61150 0.61040 42.99867  0.11140  0.00000  0.03086
SN: PSc000215   15 0.46610 0.46490 42.15358  0.09870  0.00000  0.02660
SN: PSc000220   15 0.21960 0.21840 40.18260  0.10770  0.00000  0.02455
SN: PSc000225   15 0.41540 0.41458 42.27693  0.16460  0.00000  0.01198
SN: PSc000227   15 0.49740 0.49690 42.54087  0.19030  0.00000  0.03923
SN: PSc000236   15 0.19590 0.19530 39.84277  0.11180  0.00000  0.01361
SN: PSc000254   15 0.22600 0.22530 41.46540 235.71360  0.00000  0.07598
SN: PSc000260   15 0.56110 0.56040 42.46436  0.12490  0.00000  0.05866
SN: PSc000268   15 0.64040 0.63980 43.08065  0.10120  0.00000  0.03938
SN: PSc000345   15 0.34270 0.34220 41.34070  0.11710  0.00000  0.02464
SN: PSc000349   15 0.48180 0.48120 42.01722  0.15680  0.00000  0.04813
SN: PSc000353   15 0.26840 0.26754 40.19699  0.21090  0.00000  0.07333
SN: PSc000420   15 0.31120 0.31000 41.06602  0.14500  0.00000  0.01300
SN: PSc000552   15 0.33320 0.33200 41.18273  0.12170  0.00000  0.02086
SN: PSc010009   15 0.14320 0.14210 39.27225  0.18880  0.00000  0.04964
SN: PSc010010   15 0.09940 0.09820 38.55358  0.17650  0.00000  0.02721
SN: PSc010014   15 0.21610 0.21490 40.24354  0.12420  0.00000  0.01448
SN: PSc010024   15 0.41990 0.41930 41.94437  0.16150  0.00000  0.01530
SN: PSc010029   15 0.41440 0.41369 41.96735  0.19310  0.00000  0.01971
SN: PSc010055   15 0.30360 0.30240 40.94131  0.17830  0.00000  0.02546
SN: PSc010167   15 0.11940 0.11880 39.60243 10.46680  0.00000  0.05897
SN: PSc010174   15 0.21920 0.21800 40.06331  0.27010  0.00000  0.05735
SN: PSc010178   15 0.37550 0.37500 41.44163  0.12810  0.00000  0.01755
SN: PSc010191   15 0.38690 0.38640 41.59832  0.13820  0.00000  0.01582
SN: PSc010199   15 0.25730 0.25655 40.56021  0.16690  0.00000  0.01009
SN: PSc010203   15 0.08730 0.08670 37.83291  0.11520  0.00000  0.02376
SN: PSc010222   15 0.40810 0.40740 41.78775  0.16270  0.00000  0.01323
SN: PSc010230   15 0.30320 0.30250 41.16605  0.16520  0.00000  0.00825
SN: PSc010430   15 0.32650 0.32590 41.08748  0.17000  0.00000  0.01637
SN: PSc020026   15 0.32060 0.31990 41.25560  0.12600  0.00000  0.03434
SN: PSc020027   15 0.10980 0.10910 38.63160  0.15510  0.00000  0.02887
SN: PSc020034   15 0.19910 0.19840 39.76068  0.19110  0.00000  0.04662
SN: PSc020047   15 0.26610 0.26500 41.73772  0.37800  0.00000  0.03306
SN: PSc020056   15 0.12270 0.12223 38.59019  0.18600  0.00000  0.01906
SN: PSc020057   15 0.23600 0.23552 40.29750  0.15910  0.00000  0.01896
SN: PSc020071   15 0.22450 0.22366 41.10685  4.61840  0.00000  0.10644
SN: PSc020096   15 0.22550 0.22500 40.12252  0.14790  0.00000  0.02125
SN: PSc020104   15 0.30630 0.30510 41.15927  0.17920  0.00000  0.01989
SN: PSc020120   15 0.26820 0.26673 40.83336  0.20160  0.00000  0.01320
SN: PSc020148   15 0.10230 0.10170 38.27125  0.12930  0.00000  0.01159
SN: PSc020176   15 0.26040 0.26000 40.56061  0.15840  0.00000  0.01855
SN: PSc020194   15 0.24580 0.24460 40.43836  0.26130  0.00000  0.02982
SN: PSc020198   15 0.36080 0.36020 41.74556  0.20970  0.00000  0.01711
SN: PSc030005   15 0.42020 0.41950 41.65932  0.25250  0.00000  0.02446
SN: PSc030007   15 0.25980 0.25940 40.51006  0.25090  0.00000  0.03976
SN: PSc030063   15 0.37870 0.37773 41.61306  0.20520  0.00000  0.01511
SN: PSc030066   15 0.22530 0.22410 40.17314  0.14580  0.00000  0.02507
SN: PSc030068   15 0.29630 0.29560 41.80988  0.29720  0.00000  0.00900
SN: PSc030077   15 0.35250 0.35200 41.27730  0.24350  0.00000  0.04022
SN: PSc030216   15 0.19840 0.19800 40.76098  9.57720  0.00000  0.02663
SN: PSc030245   15 0.58070 0.58000 42.40228  0.18340  0.00000  0.06287
SN: PSc030252   15 0.32570 0.32500 41.33955  0.22260  0.00000  0.03643
SN: PSc030263   15 0.29910 0.29840 40.75723  0.16700  0.00000  0.01348
SN: PSc040098   15 0.30700 0.30635 41.36344  0.22490  0.00000  0.09002
SN: PSc040121   15 0.32220 0.32170 41.02653  0.17590  0.00000  0.00928
SN: PSc040137   15 0.44740 0.44700 41.87640  0.18080  0.00000  0.04230
SN: PSc040139   15 0.26730 0.26700 40.42547  0.26310  0.00000  0.04541
SN: PSc040147   15 0.24370 0.24330 40.17384  0.25810  0.00000  0.04802
SN: PSc040150   15 0.38150 0.38100 41.64974  0.16600  0.00000  0.00938
SN: PSc040151   15 0.25610 0.25550 40.62983  0.15160  0.00000  0.01381
SN: PSc040163   15 0.41580 0.41510 41.87265  0.16730  0.00000  0.02250
SN: PSc040166   15 0.43990 0.43950 42.22890  0.16610  0.00000  0.04700
SN: PSc040168   15 0.20640 0.20580 40.14023  0.21530  0.00000  0.03204
SN: PSc040170   15 0.18980 0.18910 39.76859  0.13640  0.00000  0.01063
SN: PSc040176   15 0.34770 0.34700 41.36121  0.20950  0.00000  0.01928
SN: PSc040198   15 0.24880 0.24830 40.53568  0.17300  0.00000  0.01265
SN: PSc040316   15 0.44260 0.44220 41.99979  0.23850  0.00000  0.05004
SN: PSc040343   15 0.34280 0.34230 41.33611  0.22790  0.00000  0.03902
SN: PSc040377   15 0.35200 0.35150 41.28817  0.27730  0.00000  0.04285
SN: PSc040434   15 0.65410 0.65340 42.66511  0.17830  0.00000  0.06119
SN: PSc040473   15 0.16110 0.16060 39.22764  0.19680  0.00000  0.03479
SN: PSc040477   15 0.34580 0.34580 41.08110  0.15240  0.00000  0.01324
SN: PSc040511   15 0.31420 0.31420 40.87534  0.18790  0.00000  0.03974
SN: PSc040512   15 0.31530 0.31520 41.20864  0.14270  0.00000  0.01865
SN: PSc040530   15 0.26540 0.26540 40.68651  0.15010  0.00000  0.01448
SN: PSc040540   15 0.60920 0.60880 42.52297  0.21360  0.00000  0.05274
SN: PSc040593   15 0.32240 0.32170 41.20323  0.23320  0.00000  0.03027
SN: PSc040693   15 0.46710 0.46670 42.05408  0.22390  0.00000  0.04882
SN: PSc040782   15 0.33740 0.33730 40.93290  0.23280  0.00000  0.06046
SN: PSc040783   15 0.32860 0.32850 41.21306  0.24070  0.00000  0.02438
SN: PSc050003   15 0.42680 0.42680 41.99088  0.16510  0.00000  0.01694
SN: PSc050004   15 0.44570 0.44530 42.26552  0.19030  0.00000  0.02877
SN: PSc050005   15 0.52830 0.52790 42.20192  0.13760  0.00000  0.01638
SN: PSc050017   15 0.35340 0.35270 41.51841  0.21550  0.00000  0.02321
SN: PSc050064   15 0.60620 0.60555 42.77914  0.15020  0.00000  0.01970
SN: PSc050078   15 0.46370 0.46309 41.93685  0.22050  0.00000  0.05168
SN: PSc050172   15 0.49430 0.49360 41.90817  0.16310  0.00000  0.02709
SN: PSc050201   15 0.55010 0.55000 42.45682  0.13350  0.00000  0.02547
SN: PSc050203   15 0.57610 0.57600 42.56842  0.14490  0.00000  0.02546
SN: PSc050221   15 0.53040 0.53000 42.27612  0.09250  0.00000  0.02715
SN: PSc050251   15 0.38750 0.38720 41.70181  0.18890  0.00000  0.01342
SN: PSc050291   15 0.32540 0.32530 41.32704  0.15740  0.00000  0.01085
SN: PSc050293   15 0.36000 0.36000 41.27511  0.15980  0.00000  0.00987
SN: PSc050296   15 0.35090 0.35080 41.36486  0.13540  0.00000  0.01393
SN: PSc050298   15 0.52240 0.52230 42.03309  0.17010  0.00000  0.02651
SN: PSc050301   15 0.34700 0.34700 41.05059  0.22040  0.00000  0.05037
SN: PSc050303   15 0.32830 0.32820 41.28076  0.23150  0.00000  0.05678
SN: PSc050580   15 0.45040 0.45000 41.89046  0.14200  0.00000  0.01015
SN: PSc050607   15 0.43910 0.43870 41.95922  0.15170  0.00000  0.03591
SN: PSc050617   15 0.37880 0.37840 41.63815  0.19240  0.00000  0.01605
SN: PSc050625   15 0.33290 0.33280 41.21475  0.18200  0.00000  0.02112
SN: PSc050656   15 0.37070 0.37060 41.45175  0.14810  0.00000  0.01392
SN: PSc050665   15 0.58790 0.58790 42.57423  0.13710  0.00000  0.01979
SN: PSc050669   15 0.39290 0.39280 41.53900  0.14190  0.00000  0.01286
SN: PSc051109   15 0.23020 0.23010 40.40998  0.15790  0.00000  0.01317
SN: PSc051129   15 0.38910 0.38903 41.30187  0.20000  0.00000  0.02157
SN: PSc052122   15 0.30830 0.30678 41.26613  0.32010  0.00000  0.01096
SN: PSc052136   15 0.48080 0.48040 41.99780  0.13940  0.00000  0.01356
SN: PSc060004   15 0.49330 0.49267 41.88023  0.29650  0.00000  0.25778
SN: PSc060015   15 0.38480 0.38470 41.59342  0.16970  0.00000  0.01009
SN: PSc060029   15 0.36250 0.36244 41.42565  0.15460  0.00000  0.02290
SN: PSc060053   15 0.48680 0.48672 42.14398  0.18340  0.00000  0.04006
SN: PSc060141   15 0.19030 0.19030 39.90296  0.12680  0.00000  0.02856
SN: PSc060157   15 0.33140 0.33100 40.98319  0.19990  0.00000  0.01954
SN: PSc060169   15 0.40560 0.40550 41.88235  0.24060  0.00000  0.02038
SN: PSc060281   15 0.34250 0.34414 41.22082  0.13550  0.00000  0.03212
SN: PSc060287   15 0.28400 0.28395 40.96310  0.30760  0.00000  0.07640
SN: PSc061139   15 0.32800 0.32800 41.20289  0.18670  0.00000  0.01730
SN: PSc061191   15 0.26970 0.27050 40.81916  0.15390  0.00000  0.01680
SN: PSc061192   15 0.23380 0.23460 40.53830  0.16320  0.00000  0.01262
SN: PSc061197   15 0.32890 0.32970 40.95657  0.17660  0.00000  0.01817
SN: PSc070003   15 0.13640 0.13760 39.14301  0.23270  0.00000  0.04495
SN: PSc070020   15 0.25900 0.26020 41.64715 158.05570  0.00000  0.05482
SN: PSc070054   15 0.44680 0.44670 42.23565  0.17510  0.00000  0.02821
SN: PSc070071   15 0.36760 0.36880 41.60403  0.14030  0.00000  0.05882
SN: PSc070096   15 0.39280 0.39270 41.69518  0.17250  0.00000  0.01447
SN: PSc070110   15 0.27910 0.27990 41.02362  0.22230  0.00000  0.07576
SN: PSc070111   15 0.35260 0.35340 41.41434  0.23080  0.00000  0.03849
SN: PSc070194   15 0.47600 0.47590 42.09237  0.20230  0.00000  0.02079
SN: PSc070200   15 0.43620 0.43700 41.90932  0.22500  0.00000  0.02529
SN: PSc070232   15 0.33300 0.33292 41.82269  0.25270  0.00000  0.07031
SN: PSc070283   15 0.44250 0.44370 42.27895  0.18050  0.00000  0.01668
SN: PSc070293   15 0.33450 0.33530 41.02554  0.26340  0.00000  0.04221
SN: PSc070402   15 0.31650 0.31650 41.15456  0.13230  0.00000  0.00940
SN: PSc070459   15 0.53120 0.53230 42.46944  0.17240  0.00000  0.02291
SN: PSc070470   15 0.35170 0.35260 41.39168  0.15180  0.00000  0.01338
SN: PSc070515   15 0.47380 0.47460 42.02448  0.12670  0.00000  0.00843
SN: PSc070529   15 0.31770 0.31850 40.90765  0.13230  0.00000  0.01245
SN: PSc070530   15 0.31940 0.32020 41.09779  0.21790  0.00000  0.07811
SN: PSc070567   15 0.16900 0.17010 39.48621  0.11320  0.00000  0.01654
SN: PSc070611   15 0.14770 0.14760 39.90243 279.51290  0.00000  0.07732
SN: PSc070612   15 0.55360 0.55360 42.83761  0.18690  0.00000  0.02334
SN: PSc070622   15 0.30680 0.30671 41.97168 255.85650  0.00000  0.01918
SN: PSc070719   15 0.60820 0.60940 42.85234  0.20830  0.00000  0.03720
SN: PSc070955   15 0.34920 0.34910 41.21813  0.14500  0.00000  0.01452
SN: PSc070968   15 0.33560 0.33718 41.47687  0.14750  0.00000  0.01241
SN: PSc070985   15 0.44430 0.44550 41.76981  0.17090  0.00000  0.01559
SN: PSc070986   15 0.34360 0.34480 41.28658  0.14150  0.00000  0.01138
SN: PSc070987   15 0.43300 0.43470 41.97668  0.14920  0.00000  0.03071
SN: PSc070992   15 0.28700 0.28806 41.70058 172.63870  0.00000  0.02297
SN: PSc071007   15 0.48270 0.48390 42.40225  0.18870  0.00000  0.05443
SN: PSc071032   15 0.28380 0.28500 40.99919  0.17890  0.00000  0.04395
SN: PSc071113   15 0.49180 0.49170 42.27968  0.19400  0.00000  0.03419
SN: PSc071245   15 0.47910 0.48030 42.28318  0.14990  0.00000  0.02389
SN: PSc080012   15 0.52310 0.52430 42.35455  0.11550  0.00000  0.02271
SN: PSc080015   15 0.30050 0.30040 40.95286  0.26030  0.00000  0.05600
SN: PSc080028   15 0.27670 0.27790 40.64913  0.16310  0.00000  0.01612
SN: PSc080031   15 0.29160 0.29280 41.10857  0.30230  0.00000  0.10718
SN: PSc080034   15 0.53570 0.53690 42.65740  0.21510  0.00000  0.02351
SN: PSc080048   15 0.32140 0.32220 41.01304  0.13560  0.00000  0.01323
SN: PSc080087   15 0.34390 0.34390 41.56356  0.21420  0.00000  0.07735
SN: PSc080098   15 0.34170 0.34290 41.17587  0.24020  0.00000  0.05959
SN: PSc080146   15 0.45630 0.45670 41.84846  0.14710  0.00000  0.01260
SN: PSc080241   15 0.30730 0.30770 41.08149  0.13920  0.00000  0.00915
SN: PSc080252   15 0.51170 0.51250 42.34768  0.15970  0.00000  0.01965
SN: PSc080261   15 0.12770 0.12810 38.78173  0.13230  0.00000  0.02428
SN: PSc080295   15 0.62370 0.62450 42.66578  0.12950  0.00000  0.03104
SN: PSc080296   15 0.50010 0.50090 42.18456  0.14100  0.00000  0.03545
SN: PSc080343   15 0.45030 0.45060 42.02221  0.20160  0.00000  0.01851
SN: PSc080363   15 0.31660 0.31700 40.77657  0.21100  0.00000  0.07318
SN: PSc080438   15 0.41840 0.41880 41.75392  0.16040  0.00000  0.01579
SN: PSc080441   15 0.62220 0.62353 42.64398  0.11260  0.00000  0.01882
SN: PSc080546   15 0.61290 0.61370 42.76494  0.11180  0.00000  0.06118
SN: PSc080554   15 0.60860 0.60940 42.90335  0.15500  0.00000  0.03828
SN: PSc080555   15 0.23880 0.23960 40.36359  0.16400  0.00000  0.01311
SN: PSc080646   15 0.31860 0.31970 41.13515  0.12710  0.00000  0.02256
SN: PSc080693   15 0.34780 0.34900 41.55881  0.24050  0.00000  0.03822
SN: PSc080723   15 0.43040 0.43130 41.89818  0.12400  0.00000  0.03026
SN: PSc080735   15 0.63380 0.63500 42.87437  0.17780  0.00000  0.06111
SN: PSc080772   15 0.35750 0.35780 41.42959  0.13850  0.00000  0.01429
SN: PSc090027   15 0.39130 0.39250 41.54938  0.19850  0.00000  0.01406
SN: PSc090050   15 0.14060 0.14100 39.29169  0.15100  0.00000  0.02154
SN: PSc090097   15 0.42910 0.43030 41.85035  0.16210  0.00000  0.01583
SN: PSc090107   15 0.23730 0.23810 40.56169  0.13450  0.00000  0.02952
SN: PSc090128   15 0.43110 0.43190 42.10085  0.17690  0.00000  0.01976
SN: PSc090147   15 0.30870 0.30950 40.56973  0.25950  0.00000  0.06673
SN: PSc090196   15 0.32970 0.33050 41.25341  0.14390  0.00000  0.01050
SN: PSc090201   15 0.50880 0.51000 42.11714  0.14170  0.00000  0.01011
SN: PSc090214   15 0.37190 0.37242 41.45259  0.12330  0.00000  0.05448
SN: PSc090238   15 0.48710 0.48833 42.09324  0.15370  0.00000  0.02892
SN: PSc090256   15 0.12280 0.12400 38.88282  0.20430  0.00000  0.19614
SN: PSc090268   15 0.20960 0.21004 40.07947  0.14940  0.00000  0.01751
SN: PSc090275   15 0.13960 0.14000 39.06734  0.12760  0.00000  0.01180
SN: PSc090401   15 0.46620 0.46677 42.57005  0.21630  0.00000  0.04517
SN: PSc090638   15 0.25340 0.25420 40.64489  0.12770  0.00000  0.01437
SN: PSc090746   15 0.21950 0.21900 40.13626  0.23020  0.00000  0.07644
SN: PSc090966   15 0.59240 0.59360 42.36469  0.18780  0.00000  0.09893
SN: PSc091037   15 0.49540 0.49659 42.04077  0.14600  0.00000  0.02351
SN: PSc091437   15 0.46520 0.46600 41.60710  0.17810  0.00000  0.08039
SN: PSc091739   15 0.37310 0.37390 41.55409  0.16270  0.00000  0.01299
SN: PSc091748   15 0.14450 0.14490 39.09836  0.17400  0.00000  0.02602
SN: PSc091869   15 0.28880 0.29000 40.79281  0.18510  0.00000  0.00970
SN: PSc100014   15 0.30880 0.31000 41.00500  0.15410  0.00000  0.04238
SN: PSc100015   15 0.45070 0.45010 41.71546  0.14030  0.00000  0.03184
SN: PSc100051   15 0.27180 0.27227 40.61292  0.18040  0.00000  0.01208
SN: PSc100090   15 0.17270 0.17210 39.90127  0.19960  0.00000  0.02760
SN: PSc100101   15 0.42940 0.42880 42.16343  0.18940  0.00000  0.03188
SN: PSc100102   15 0.37080 0.37020 41.71324  0.23540  0.00000  0.01473
SN: PSc100103   15 0.56360 0.56310 42.68322  0.15200  0.00000  0.01785
SN: PSc100116   15 0.44780 0.44820 41.82191  0.15980  0.00000  0.01375
SN: PSc100121   15 0.30860 0.30980 41.31168  0.42770  0.00000  0.07014
SN: PSc100163   15 0.31800 0.31880 41.20873  0.20890  0.00000  0.01513
SN: PSc100164   15 0.40490 0.40570 41.87688  0.19900  0.00000  0.02911
SN: PSc100202   15 0.34240 0.34292 41.64543  0.17090  0.00000  0.01601
SN: PSc100206   15 0.21660 0.21700 39.95664  0.11910  0.00000  0.01991
SN: PSc100213   15 0.27520 0.27560 40.87066  0.22240  0.00000  0.01741
SN: PSc100382   15 0.37960 0.37900 41.48948  0.20970  0.00000  0.04302
SN: PSc100405   15 0.10300 0.10340 38.19517  0.18080  0.00000  0.04756
SN: PSc100417   15 0.48280 0.48220 42.32335  0.26830  0.00000  0.07355
SN: PSc100421   15 0.25770 0.25810 40.90880  0.18500  0.00000  0.03502
SN: PSc110014   15 0.32720 0.32840 41.17129  0.23320  0.00000  0.03022
SN: PSc110022   15 0.50750 0.50700 42.09000  0.25710  0.00000  0.03384
SN: PSc110033   15 0.20490 0.20570 39.85830  0.20080  0.00000  0.04336
SN: PSc110425   15 0.38060 0.38000 41.51123  0.16570  0.00000  0.02172
SN: PSc110426   15 0.54060 0.54000 42.40855  0.18580  0.00000  0.02122
SN: PSc110429   15 0.43980 0.43930 41.86511  0.16420  0.00000  0.02508
SN: PSc110430   15 0.42060 0.42000 41.73799  0.19620  0.00000  0.04034
SN: PSc110431   15 0.34260 0.34200 41.02999  0.23050  0.00000  0.10980
SN: PSc110460   15 0.19960 0.20000 39.88515  0.22640  0.00000  0.03546
SN: PSc110478   15 0.26470 0.26510 40.60045  0.18470  0.00000  0.01299
SN: PSc110484   15 0.51060 0.51000 42.05198  0.16120  0.00000  0.05285
SN: PSc110536   15 0.23480 0.23520 40.09699  0.24100  0.00000  0.08019
SN: PSc110542   15 0.42670 0.42610 41.94713  0.16710  0.00000  0.01090
SN: PSc110567   15 0.21450 0.21490 40.11784  0.21440  0.00000  0.05374
SN: PSc110647   15 0.32150 0.32190 41.20273  0.20510  0.00000  0.01200
SN: PSc110716   15 0.31560 0.31500 41.22797  0.20390  0.00000  0.03583
SN: PSc110719   15 0.42760 0.42700 42.22940  0.19370  0.00000  0.01649
SN: PSc110721   15 0.57790 0.57730 42.44775  0.15430  0.00000  0.04296
SN: PSc110725   15 0.49840 0.49790 42.29086  0.13110  0.00000  0.02841
SN: PSc110726   15 0.54470 0.54410 42.49577  0.14580  0.00000  0.02532
SN: PSc110727   15 0.40670 0.40588 42.53950  0.29580  0.00000  0.01210
SN: PSc110734   15 0.40190 0.40130 41.51122  0.16030  0.00000  0.01354
SN: PSc120039   15 0.32520 0.32410 41.85691  0.33120  0.00000  0.07434
SN: PSc120085   15 0.32180 0.32060 40.82238  0.17660  0.00000  0.03130
SN: PSc120086   15 0.39210 0.39100 41.54417  0.21400  0.00000  0.03856
SN: PSc120094   15 0.45120 0.45000 41.99891  0.11450  0.00000  0.03600
SN: PSc120143   15 0.17350 0.17300 39.38507  0.14530  0.00000  0.01649
SN: PSc120223   15 0.62120 0.62000 42.57507  0.15180  0.00000  0.06353
SN: PSc120249   15 0.58110 0.58017 42.53801  0.09970  0.00000  0.05314
SN: PSc120277   15 0.52540 0.52459 42.53566  0.14300  0.00000  0.01379
SN: PSc120288   15 0.46960 0.46883 42.13147  0.11120  0.00000  0.04471
SN: PSc120304   15 0.37020 0.36861 41.67752  0.21740  0.00000  0.04981
SN: PSc120336   15 0.16120 0.16000 39.38147  0.21240  0.00000  0.03799
SN: PSc120369   15 0.33020 0.32900 41.32468  0.12530  0.00000  0.03256
SN: PSc120400   15 0.35120 0.35000 41.41902  0.11160  0.00000  0.02361
SN: PSc120455   15 0.23200 0.23247 40.18880  0.18290  0.00000  0.03608
SN: PSc120458   15 0.53650 0.53540 42.57228  0.22650  0.00000  0.04369
SN: PSc120542   15 0.26000 0.25933 41.81074 179.73650  0.00000  0.01923
SN: PSc120553   15 0.48310 0.48250 42.34641  0.18410  0.00000  0.04055
SN: PSc120554   15 0.40620 0.40560 41.77461  0.13320  0.00000  0.01476
SN: PSc120567   15 0.35500 0.35450 41.33331  0.19390  0.00000  0.02969
SN: PSc120585   15 0.24920 0.25000 40.48212  0.13450  0.00000  0.03865
SN: PSc120586   15 0.22960 0.23000 40.31458  0.16330  0.00000  0.01633
SN: PSc120635   15 0.50140 0.50020 42.28548  0.17960  0.00000  0.01260
SN: PSc120637   15 0.29380 0.29260 40.54774  0.15410  0.00000  0.03669
SN: PSc120663   15 0.63090 0.62991 42.83800  0.15110  0.00000  0.04627
SN: PSc120665   15 0.54620 0.54442 42.40541  0.11210  0.00000  0.02831
SN: PSc120676   15 0.34950 0.34990 41.32313  0.12030  0.00000  0.04440
SN: PSc120706   15 0.32940 0.32820 40.98990  0.17260  0.00000  0.01954
SN: PSc120713   15 0.41990 0.41940 41.86942  0.20480  0.00000  0.03189
SN: PSc120762   15 0.44210 0.44160 42.24381  0.17560  0.00000  0.04641
SN: PSc130145   15 0.60590 0.60480 42.75063  0.14160  0.00000  0.04187
SN: PSc130150   15 0.21050 0.21000 39.96643  0.19590  0.00000  0.02211
SN: PSc130373   15 0.37410 0.37380 41.38447  0.25650  0.00000  0.02294
SN: PSc130391   15 0.37030 0.36990 41.45885  0.15950  0.00000  0.03096
SN: PSc130490   15 0.39060 0.39000 41.93545  0.24100  0.00000  0.01804
SN: PSc130601   15 0.55740 0.55680 42.55794  0.18540  0.00000  0.02418
SN: PSc130609   15 0.48060 0.48000 41.92750  0.23920  0.00000  0.01642
SN: PSc130684   15 0.41360 0.41310 41.92199  0.21620  0.00000  0.02264
SN: PSc130721   15 0.32480 0.32410 41.42020  0.26310  0.00000  0.00801
SN: PSc130755   15 0.29270 0.29200 40.93458  0.18070  0.00000  0.02045
SN: PSc130756   15 0.32180 0.32087 41.14408  0.24070  0.00000  0.03844
SN: PSc130759   15 0.26170 0.26082 40.79532  0.30040  0.00000  0.07602
SN: PSc130798   15 0.28930 0.28860 40.89631  0.21580  0.00000  0.02074
SN: PSc130842   15 0.31550 0.31461 41.13155  0.21180  0.00000  0.02610
SN: PSc130862   15 0.33270 0.33200 41.41099  0.17670  0.00000  0.01588
SN: PSc130880   15 0.24580 0.24510 40.42094  0.17740  0.00000  0.01869
SN: PSc130997   15 0.30470 0.30400 41.34256  0.21640  0.00000  0.03667
SN: PSc131031   15 0.29650 0.29610 40.88934  0.27980  0.00000  0.05906
SN: PSc131033   15 0.30340 0.30280 40.76709  0.31850  0.00000  0.11573
SN: PSc140092   15 0.41840 0.41790 41.66316  0.28170  0.00000  0.03222
SN: PSc140105   15 0.44890 0.44803 42.09477  0.18610  0.00000  0.03138
SN: PSc140107   15 0.43550 0.43490 41.50639  0.16910  0.00000  0.04141
SN: PSc140112   15 0.33940 0.33820 41.35281  0.12140  0.00000  0.03680
SN: PSc140120   15 0.42190 0.42115 42.02536  0.15910  0.00000  0.02317
SN: PSc140122   15 0.27100 0.27011 40.83270  0.16890  0.00000  0.01069
SN: PSc140124   15 0.34570 0.34500 41.39779  0.21110  0.00000  0.04102
SN: PSc140152   15 0.20850 0.20800 39.92185  0.14010  0.00000  0.04363
SN: PSc140164   15 0.35490 0.35380 41.36265  0.18600  0.00000  0.01593
SN: PSc140177   15 0.28250 0.28190 40.78655  0.41180  0.00000  0.04199
SN: PSc140181   15 0.10220 0.10150 38.29169  0.18790  0.00000  0.02785
SN: PSc140210   15 0.20280 0.20240 39.98529  0.16190  0.00000  0.03446
SN: PSc140214   15 0.33790 0.33750 41.30992  0.18650  0.00000  0.01503
SN: PSc140221   15 0.36010 0.35960 41.33474  0.17610  0.00000  0.01600
SN: PSc140229   15 0.43470 0.43400 41.71180  0.14140  0.00000  0.01599
SN: PSc140234   15 0.49850 0.49810 42.31569  0.19560  0.00000  0.01571
SN: PSc140258   15 0.48990 0.48933 42.26634  0.17410  0.00000  0.02536
SN: PSc140276   15 0.24960 0.24900 40.44547  0.12540  0.00000  0.03423
SN: PSc140286   15 0.19600 0.19540 39.93609  0.14290  0.00000  0.02371
SN: PSc140299   15 0.14190 0.14140 39.25733  0.16500  0.00000  0.01975
SN: PSc140320   15 0.40410 0.40360 41.79334  0.19210  0.00000  0.01466
SN: PSc140325   15 0.48420 0.48370 41.76386  0.12770  0.00000  0.03389
SN: PSc140361   15 0.37000 0.36930 41.38506  0.20870  0.00000  0.05212
SN: PSc140371   15 0.35720 0.35647 41.41587  0.16540  0.00000  0.01081
SN: PSc140382   15 0.26310 0.26250 40.60934  0.18240  0.00000  0.01994
SN: PSc140384   15 0.58700 0.58580 42.52485  0.17380  0.00000  0.08105
SN: PSc140390   15 0.20130 0.20020 40.05827  0.13040  0.00000  0.01895
SN: PSc140396   15 0.35900 0.35850 41.46857  0.15010  0.00000  0.02489
SN: PSc150007   15 0.20100 0.20030 40.42894  0.26240  0.00000  0.04346
SN: PSc150019   15 0.33700 0.33580 41.25397  0.16540  0.00000  0.00957
SN: PSc150053   15 0.60420 0.60370 42.83144  0.14440  0.00000  0.05817
SN: PSc150059   15 0.39080 0.39030 41.70829  0.17560  0.00000  0.02516
SN: PSc150063   15 0.22500 0.22380 40.11910  0.12510  0.00000  0.01785
SN: PSc150132   15 0.26760 0.26700 40.71869  0.16300  0.00000  0.01164
SN: PSc150145   15 0.22460 0.22400 40.17888  0.20950  0.00000  0.01516
SN: PSc150170   15 0.58100 0.58050 42.62265  0.18330  0.00000  0.06455
SN: PSc150181   15 0.40830 0.40780 41.64104  0.16320  0.00000  0.01430
SN: PSc150185   15 0.52000 0.51930 42.32786  0.12620  0.00000  0.04713
SN: PSc150186   15 0.45370 0.45310 42.03430  0.14920  0.00000  0.02132
SN: PSc150195   15 0.26770 0.26700 40.68096  0.15720  0.00000  0.01004
SN: PSc150196   15 0.50330 0.50260 42.05581  0.16270  0.00000  0.04553
SN: PSc150210   15 0.47620 0.47500 42.28383  0.22710  0.00000  0.02044
SN: PSc150212   15 0.48310 0.48240 41.91230  0.15980  0.00000  0.01771
SN: PSc150217   15 0.46110 0.46050 42.14930  0.19300  0.00000  0.04326
SN: PSc150218   15 0.24400 0.24312 40.31953  0.25420  0.00000  0.10441
SN: PSc150221   15 0.45950 0.45910 41.99795  0.16030  0.00000  0.02452
SN: PSc150254   15 0.27490 0.27420 40.59227  0.23320  0.00000  0.03160
SN: PSc150273   15 0.45840 0.45770 41.79239  0.16740  0.00000  0.01972
SN: PSc150276   15 0.21280 0.21210 40.08586  0.14440  0.00000  0.02425
SN: PSc150300   15 0.50280 0.50205 42.44479  0.20500  0.00000  0.05242
SN: PSc150314   15 0.37750 0.37700 41.52194  0.16950  0.00000  0.01151
SN: PSc150365   15 0.33810 0.33810 41.12527  0.18780  0.00000  0.03487
SN: PSc150379   15 0.20890 0.20880 40.07276  0.14640  0.00000  0.02815
SN: PSc150457   15 0.30320 0.30270 41.05006  0.12740  0.00000  0.02148
SN: PSc150500   15 0.37640 0.37570 41.63386  0.17370  0.00000  0.02263
SN: PSc150509   15 0.29280 0.29270 40.90466  0.14760  0.00000  0.03850
SN: PSc150513   15 0.26730 0.26720 41.32527  0.34570  0.00000  0.04324
SN: PSc150564   15 0.14490 0.14446 39.66245 212.39560  0.00000  0.08087
SN: PSc150570   15 0.24410 0.24370 41.16116 288.73560  0.00000  0.10880
SN: PSc150604   15 0.49260 0.49210 42.11464  0.16900  0.00000  0.04621
SN: PSc150607   15 0.43100 0.43060 42.07462  0.18160  0.00000  0.02237
SN: PSc150652   15 0.53900 0.53830 42.71691  0.17140  0.00000  0.03869
SN: PSc150704   15 0.49480 0.49379 42.39205  0.16410  0.00000  0.02701
SN: PSc150709   15 0.54840 0.54780 42.55908  0.16630  0.00000  0.03537
SN: PSc151033   15 0.39390 0.39320 41.87743  0.22720  0.00000  0.01699
SN: PSc151069   15 0.33710 0.33670 41.62096  0.24570  0.00000  0.03749
SN: PSc151121   15 0.48530 0.48490 42.64300  0.23820  0.00000  0.03680
SN: PSc151794   15 0.34530 0.34480 41.60576  0.25520  0.00000  0.01344
SN: PSc160016   15 0.33530 0.33460 41.76646  0.21960  0.00000  0.03152
SN: PSc160021   15 0.27610 0.27540 40.78063  0.16910  0.00000  0.01272
SN: PSc160023   15 0.23560 0.23500 40.56832  0.17740  0.00000  0.01966
SN: PSc160028   15 0.13550 0.13540 38.85592  0.19430  0.00000  0.07295
SN: PSc160039   15 0.27070 0.27000 40.60519  0.15380  0.00000  0.02522
SN: PSc160045   15 0.59050 0.58937 42.69794  0.18010  0.00000  0.03976
SN: PSc160051   15 0.44930 0.44860 41.90575  0.16120  0.00000  0.01652
SN: PSc160054   15 0.39940 0.39870 42.09070  0.28190  0.00000  0.02913
SN: PSc160068   15 0.39730 0.39660 41.65022  0.21400  0.00000  0.01782
SN: PSc160070   15 0.35890 0.35890 41.54460  0.13990  0.00000  0.01896
SN: PSc160082   15 0.19180 0.19110 39.79861  0.29820  0.00000  0.10504
SN: PSc160098   15 0.29690 0.29620 40.73505  0.18130  0.00000  0.01535
SN: PSc160099   15 0.10040 0.10000 38.43288  0.15090  0.00000  0.02131
SN: PSc160106   15 0.30200 0.30190 41.06185  0.21740  0.00000  0.01087
SN: PSc160126   15 0.36010 0.35950 41.14787  0.17630  0.00000  0.01113
SN: PSc160156   15 0.55060 0.55030 42.16509  0.20880  0.00000  0.02996
SN: PSc160183   15 0.27450 0.27380 40.60541  0.15250  0.00000  0.01674
SN: PSc160195   15 0.22930 0.22920 41.09353  0.56170  0.00000  0.09509
SN: PSc160197   15 0.35360 0.35350 41.42364  0.17420  0.00000  0.01020
SN: PSc160198   15 0.34890 0.34890 41.34451  0.15080  0.00000  0.01146
SN: PSc160200   15 0.42350 0.42340 42.07826  0.30960  0.00000  0.03091
SN: PSc160206   15 0.45040 0.45000 41.82031  0.18620  0.00000  0.05213
SN: PSc160214   15 0.41040 0.41000 42.02106  0.27680  0.00000  0.03134
SN: PSc160223   15 0.51970 0.51900 42.12752  0.22820  0.00000  0.01949
SN: PSc160262   15 0.51230 0.51230 42.17343  0.28190  0.00000  0.04780
SN: PSc160285   15 0.48850 0.48780 41.98515  0.20500  0.00000  0.02184
SN: PSc170078   15 0.32070 0.32000 41.27124  0.19140  0.00000  0.02425
SN: PSc170118   15 0.36570 0.36500 41.38033  0.22000  0.00000  0.01748
SN: PSc170178   15 0.24140 0.24100 40.12448  0.21360  0.00000  0.10764
SN: PSc170254   15 0.14830 0.14820 39.29081  0.16730  0.00000  0.01817
SN: PSc170275   15 0.29720 0.29680 41.08022  0.36300  0.00000  0.09077
SN: PSc170276   15 0.52270 0.52230 42.47574  0.19150  0.00000  0.04711
SN: PSc170303   15 0.14710 0.14700 39.22689  0.19020  0.00000  0.06612
SN: PSc170324   15 0.30780 0.30780 41.01366  0.15020  0.00000  0.01689
SN: PSc170349   15 0.40840 0.40840 42.06964  0.22690  0.00000  0.01530
SN: PSc170363   15 0.48510 0.48503 42.33237  0.59290  0.00000  0.03952
SN: PSc170400   15 0.54750 0.54710 42.37901  0.11500  0.00000  0.07346
SN: PSc170428   15 0.30010 0.30000 41.04506  0.17560  0.00000  0.01698
SN: PSc170457   15 0.35560 0.35550 41.23535  0.14020  0.00000  0.00838
SN: PSc170465   15 0.18380 0.18380 39.77702  0.13650  0.00000  0.01249
SN: PSc170520   15 0.44840 0.44840 41.72407  0.17540  0.00000  0.01711
SN: PSc170532   15 0.10720 0.10720 38.64774  0.10810  0.00000  0.02516
SN: PSc170558   15 0.08940 0.09060 40.24465 250.95830  0.00000  0.18897
SN: PSc180100   15 0.61880 0.61867 42.88794  0.12940  0.00000  0.02972
SN: PSc180112   15 0.64010 0.63995 42.96611  0.15490  0.00000  0.06850
SN: PSc180119   15 0.62860 0.62852 42.76272  0.10760  0.00000  0.02370
SN: PSc180127   15 0.35730 0.35690 41.68071  0.21490  0.00000  0.01567
SN: PSc180166   15 0.14750 0.14750 39.18376  0.15960  0.00000  0.02984
SN: PSc180213   15 0.51970 0.51960 42.34844  0.10590  0.00000  0.01587
SN: PSc180214   15 0.32700 0.32700 41.19771  0.13090  0.00000  0.00972
SN: PSc180255   15 0.45840 0.45960 41.98371  0.13340  0.00000  0.01210
SN: PSc180313   15 0.51000 0.51000 42.17699  0.10070  0.00000  0.01068
SN: PSc180314   15 0.48360 0.48353 42.39766  0.16310  0.00000  0.02933
SN: PSc180329   15 0.42380 0.42500 41.82572  0.17320  0.00000  0.02479
SN: PSc180344   15 0.40950 0.41070 41.87211  0.24560  0.00000  0.05192
SN: PSc180372   15 0.34920 0.34920 41.37954  0.12390  0.00000  0.03924
SN: PSc180417   15 0.30830 0.30950 40.95394  0.16330  0.00000  0.00856
SN: PSc180424   15 0.38150 0.38270 41.79105  0.17080  0.00000  0.03420
SN: PSc180426   15 0.42390 0.42380 41.69695  0.13660  0.00000  0.01312
SN: PSc180475   15 0.44210 0.44210 42.04881  0.15610  0.00000  0.02335
SN: PSc180476   15 0.48590 0.48581 42.69675  0.19260  0.00000  0.05153
SN: PSc180503   15 0.38370 0.38365 41.58762  0.12220  0.00000  0.01295
SN: PSc180538   15 0.64070 0.64060 42.95613  0.11180  0.00000  0.02804
SN: PSc180549   15 0.33880 0.33880 41.12122  0.12080  0.00000  0.01732
SN: PSc180561   15 0.22880 0.23000 40.19539  0.27650  0.00000  0.07653
SN: PSc190001   15 0.43550 0.43540 41.60289  0.12790  0.00000  0.02453
SN: PSc190049   15 0.26000 0.26000 40.46748  0.11270  0.00000  0.03301
SN: PSc190050   15 0.34510 0.34505 41.31419  0.17370  0.00000  0.01109
SN: PSc190062   15 0.29500 0.29620 41.33976  0.19830  0.00000  0.02207
SN: PSc190072   15 0.33840 0.33830 40.92252  0.21510  0.00000  0.03568
SN: PSc190073   15 0.29770 0.29766 40.75594  0.19430  0.00000  0.01755
SN: PSc190074   15 0.31260 0.31260 42.13937 219.49690  0.00000  0.01983
SN: PSc190094   15 0.23370 0.23360 40.31763  0.16160  0.00000  0.01759
SN: PSc190111   15 0.33190 0.33180 41.10145  0.19890  0.00000  0.06116
SN: PSc190118   15 0.43000 0.42992 42.24009  0.21550  0.00000  0.02599
SN: PSc190142   15 0.43600 0.43720 42.31782  0.21700  0.00000  0.01266
SN: PSc190151   15 0.21790 0.21790 42.03755 369.86730  0.00000  0.04569
SN: PSc190209   15 0.36690 0.36810 41.35906  0.11940  0.00000  0.02166
SN: PSc190215   15 0.18610 0.18610 39.81876  0.14900  0.00000  0.02624
SN: PSc190233   15 0.60550 0.60540 42.91629  0.15460  0.00000  0.02886
SN: PSc190234   15 0.59570 0.59570 42.73315  0.17850  0.00000  0.03866
SN: PSc190237   15 0.22940 0.22930 40.55135  0.15090  0.00000  0.01070
SN: PSc190241   15 0.38820 0.38810 41.69026  0.15600  0.00000  0.01842
SN: PSc190260   15 0.14360 0.14480 39.24123  0.10940  0.00000  0.01887
SN: PSc190268   15 0.33040 0.33160 41.10568  0.14900  0.00000  0.01085
SN: PSc190269   15 0.36260 0.36380 41.46975  0.13300  0.00000  0.01851
SN: PSc190297   15 0.47960 0.48080 41.98323  0.14010  0.00000  0.01212
SN: PSc190327   15 0.32980 0.33100 41.45884  0.17150  0.00000  0.02240
SN: PSc190340   15 0.13840 0.13960 39.13321  0.10940  0.00000  0.01653
SN: PSc190345   15 0.44040 0.44212 42.25457  0.25170  0.00000  0.03680
SN: PSc200026   15 0.32880 0.33000 41.12638  0.12550  0.00000  0.01858
SN: PSc200050   15 0.35400 0.35510 41.91985  0.26420  0.00000  0.07237
SN: PSc200058   15 0.50050 0.50170 42.42009  0.19090  0.00000  0.01128
SN: PSc200080   15 0.48470 0.48590 42.39908  0.23650  0.00000  0.02455
SN: PSc200096   15 0.21570 0.21715 41.34438 285.91840  0.00000  0.04910
SN: PSc200101   15 0.28480 0.28600 40.77731  0.24800  0.00000  0.04914
SN: PSc200105   15 0.33220 0.33330 41.44951  0.23020  0.00000  0.05223
SN: PSc200108   15 0.39460 0.39580 41.85386  0.27060  0.00000  0.01739
SN: PSc200118   15 0.52600 0.52720 42.35904  0.14760  0.00000  0.02982
SN: PSc200132   15 0.20880 0.21000 40.16312  0.17370  0.00000  0.01765
SN: PSc200157   15 0.32730 0.32850 42.12818 223.79490  0.00000  0.04667
SN: PSc200170   15 0.44910 0.45030 42.03759  0.16230  0.00000  0.02533
SN: PSc200172   15 0.48660 0.48837 42.27737  0.16500  0.00000  0.02565
SN: PSc300007   15 0.34280 0.34400 41.34481  0.17520  0.00000  0.00967
SN: PSc300089   15 0.18720 0.18840 39.77415  0.15620  0.00000  0.02496
SN: PSc300105   15 0.09190 0.09310 38.20398  0.22020  0.00000  0.05846
SN: PSc300119   15 0.58120 0.58240 43.05172  0.22200  0.00000  0.05592
SN: PSc300121   15 0.36610 0.36730 41.58755  0.13650  0.00000  0.02475
SN: PSc300124   15 0.40930 0.41050 41.95317  0.26680  0.00000  0.01975
SN: PSc300139   15 0.26220 0.26340 40.57058  0.14830  0.00000  0.01504
SN: PSc300159   15 0.34710 0.34830 41.45429  0.20260  0.00000  0.03650
SN: PSc300166   15 0.33270 0.33400 41.03399  0.12560  0.00000  0.02546
SN: PSc300179   15 0.17920 0.18040 39.82859  0.14750  0.00000  0.02238
SN: PSc300220   15 0.09340 0.09473 38.04822  0.18310  0.00000  0.08958
SN: PSc300225   15 0.50840 0.50960 42.16988  0.13830  0.00000  0.04965
SN: PSc300226   15 0.29920 0.30050 41.11392  0.17820  0.00000  0.03140
SN: PSc300231   15 0.31060 0.31220 40.96439  0.18760  0.00000  0.02022
SN: PSc310009   15 0.51570 0.51700 42.25606  0.11350  0.00000  0.02247
SN: PSc310024   15 0.17930 0.18010 39.74584  0.14050  0.00000  0.01417
SN: PSc310025   15 0.15680 0.15760 39.40732  0.16230  0.00000  0.02087
SN: PSc310039   15 0.17170 0.17250 39.57372  0.18960  0.00000  0.02123
SN: PSc310042   15 0.23880 0.24000 40.17657  0.37670  0.00000  0.09499
SN: PSc310046   15 0.53220 0.53340 42.61326  0.19470  0.00000  0.04629
SN: PSc310050   15 0.55590 0.55710 42.69160  0.19370  0.00000  0.03050
SN: PSc310051   15 0.27090 0.27210 40.54628  0.18960  0.00000  0.04560
SN: PSc310055   15 0.49780 0.49963 42.88512  0.22020  0.00000  0.01886
SN: PSc310058   15 0.42880 0.43000 41.71628  0.15180  0.00000  0.02639
SN: PSc310063   15 0.25080 0.25200 40.42799  0.16360  0.00000  0.01851
SN: PSc310081   15 0.67990 0.68124 42.88936  0.11460  0.00000  0.06491
SN: PSc310090   15 0.34730 0.34850 41.55615  0.26280  0.00000  0.01972
SN: PSc310091   15 0.50730 0.50860 42.29952  0.12540  0.00000  0.02206
SN: PSc310095   15 0.45260 0.45340 42.08586  0.19820  0.00000  0.05973
SN: PSc310130   15 0.48800 0.48880 41.80877  0.15660  0.00000  0.02368
SN: PSc310145   15 0.33930 0.33970 41.20594  0.22340  0.00000  0.04312
SN: PSc310146   15 0.47960 0.48000 41.88149  0.14020  0.00000  0.00770
SN: PSc310147   15 0.33780 0.33810 41.10933  0.18790  0.00000  0.01439
SN: PSc310161   15 0.25220 0.25340 40.56913  0.15530  0.00000  0.01339
SN: PSc310188   15 0.31820 0.31900 41.24292  0.12140  0.00000  0.01388
SN: PSc310203   15 0.29130 0.29210 40.75531  0.21030  0.00000  0.05692
SN: PSc310205   15 0.28000 0.28080 40.94478  0.24680  0.00000  0.08241
SN: PSc310219   15 0.43220 0.43300 41.41948  0.19680  0.00000  0.09963
SN: PSc310220   15 0.36010 0.36090 41.36210  0.19420  0.00000  0.04490
SN: PSc310226   15 0.35850 0.35890 41.07160  0.16260  0.00000  0.01915
SN: PSc310238   15 0.28300 0.28380 40.68738  0.15120  0.00000  0.01261
SN: PSc310240   15 0.20890 0.20940 40.11759  0.27130  0.00000  0.06281
SN: PSc310260   15 0.51920 0.52000 42.34062  0.14840  0.00000  0.01794
SN: PSc310271   15 0.67290 0.67370 43.06764  0.16060  0.00000  0.04984
SN: PSc310331   15 0.57300 0.57427 42.63617  0.15480  0.00000  0.03668
SN: PSc310552   15 0.50370 0.50500 42.36566  0.15080  0.00000  0.01259
SN: PSc310555   15 0.44730 0.44850 42.05650  0.16290  0.00000  0.02337
SN: PSc310564   15 0.33680 0.33800 41.61951  0.20740  0.00000  0.03984
SN: PSc310574   15 0.23760 0.23890 40.33479  0.17250  0.00000  0.01448
SN: PSc310578   15 0.50130 0.50250 42.35328  0.22390  0.00000  0.02156
SN: PSc320077   15 0.60240 0.60370 42.65589  0.18420  0.00000  0.04880
SN: PSc320099   15 0.38020 0.38100 41.48640  0.12460  0.00000  0.02385
SN: PSc320123   15 0.44200 0.44320 41.55058  0.16900  0.00000  0.01655
SN: PSc320150   15 0.43220 0.43274 41.86960  0.19360  0.00000  0.02420
SN: PSc320180   15 0.35290 0.35370 41.43099  0.20540  0.00000  0.03738
SN: PSc320198   15 0.26500 0.26654 41.30252  0.30450  0.00000  0.19352
SN: PSc320258   15 0.34120 0.34200 41.08584  0.16590  0.00000  0.01222
SN: PSc320336   15 0.31010 0.31040 41.02082  0.17500  0.00000  0.00830
SN: PSc320345   15 0.21670 0.21710 40.20282  0.16200  0.00000  0.02961
SN: PSc320388   15 0.18140 0.18170 39.71983  0.20610  0.00000  0.06896
SN: PSc320389   15 0.28810 0.28861 40.66821  0.14350  0.00000  0.09547
SN: PSc320441   15 0.36480 0.36600 41.54011  0.19290  0.00000  0.04068
SN: PSc330016   15 0.32870 0.32950 41.36875  0.19210  0.00000  0.02095
SN: PSc330022   15 0.26410 0.26490 40.41020  0.17670  0.00000  0.01454
SN: PSc330023   15 0.18080 0.18160 39.77551  0.12600  0.00000  0.02635
SN: PSc330049   15 0.51450 0.51530 42.46284  0.15780  0.00000  0.03628
SN: PSc330051   15 0.13170 0.13110 40.50538  2.36250  0.00000  0.11468
SN: PSc330056   15 0.26050 0.25990 40.52238  0.21580  0.00000  0.06118
SN: PSc330060   15 0.34350 0.34380 41.39071  0.18420  0.00000  0.01038
SN: PSc330061   15 0.32040 0.31990 41.22760  0.17160  0.00000  0.03884
SN: PSc330083   15 0.22360 0.22300 40.17072  0.14440  0.00000  0.01752
SN: PSc330089   15 0.34900 0.34980 41.47805  0.19130  0.00000  0.01576
SN: PSc330101   15 0.31160 0.31240 41.06765  0.16340  0.00000  0.01498
SN: PSc330128   15 0.32120 0.32200 41.04352  0.13040  0.00000  0.01949
SN: PSc330132   15 0.36060 0.36000 41.50221  0.15400  0.00000  0.02563
SN: PSc330146   15 0.13520 0.13600 39.14284  0.14050  0.00000  0.01923
SN: PSc330176   15 0.36600 0.36515 41.46791  0.15860  0.00000  0.01185
SN: PSc340014   15 0.28290 0.28370 40.54984  0.18800  0.00000  0.01500
SN: PSc340069   15 0.36320 0.36260 41.67827  0.26490  0.00000  0.06843
SN: PSc340105   15 0.25940 0.26020 40.80889  0.17790  0.00000  0.01898
SN: PSc340115   15 0.52200 0.52140 42.13994  0.19400  0.00000  0.01912
SN: PSc340121   15 0.40500 0.40580 41.83643  0.20490  0.00000  0.01211
SN: PSc340125   15 0.31900 0.31952 41.15331  0.24320  0.00000  0.02531
SN: PSc340149   15 0.24500 0.24425 40.48785  0.19170  0.00000  0.01675
SN: PSc340229   15 0.14120 0.14200 39.27785  0.17130  0.00000  0.02683
SN: PSc340309   15 0.15020 0.15060 39.89575 252.52750  0.00000  0.07577
SN: PSc340347   15 0.27450 0.27400 40.72330  0.25320  0.00000  0.02226
SN: PSc350027   15 0.30750 0.30700 41.01227  0.15470  0.00000  0.01943
SN: PSc350047   15 0.23400 0.23350 40.62712  0.11800  0.00000  0.04896
SN: PSc350050   15 0.40410 0.40360 41.55551  0.16330  0.00000  0.02600
SN: PSc350073   15 0.23050 0.23000 40.33930  0.14880  0.00000  0.01393
SN: PSc350078   15 0.30060 0.30000 41.16139  0.31550  0.00000  0.06046
SN: PSc350080   15 0.28540 0.28480 40.80610  0.13900  0.00000  0.01962
SN: PSc350083   15 0.36750 0.36690 41.33877  0.14660  0.00000  0.00986
SN: PSc350111   15 0.25370 0.25250 40.55075  0.18480  0.00000  0.02757
SN: PSc350131   15 0.21190 0.21130 40.24680  0.27090  0.00000  0.08048
SN: PSc350168   15 0.30770 0.30710 41.00575  0.35270  0.00000  0.05071
SN: PSc350174   15 0.47210 0.47108 41.84455  0.12370  0.00000  0.02477
SN: PSc350180   15 0.29960 0.30000 41.07624  0.18940  0.00000  0.01240
SN: PSc350181   15 0.42380 0.42320 41.53882  0.18130  0.00000  0.02114
SN: PSc350192   15 0.30120 0.30000 40.93635  0.15560  0.00000  0.01077
SN: PSc350213   15 0.61120 0.61000 42.83369  0.13680  0.00000  0.03209
SN: PSc350219   15 0.34710 0.34590 41.31862  0.15490  0.00000  0.01008
SN: PSc350233   15 0.16920 0.16800 39.58383  0.16220  0.00000  0.02361
SN: PSc350235   15 0.26400 0.26330 40.56255  0.24010  0.00000  0.02171
SN: PSc350288   15 0.57410 0.57290 42.92783  0.17140  0.00000  0.02039
SN: PSc350335   15 0.34940 0.34890 41.31030  0.20280  0.00000  0.06022
SN: PSc350342   15 0.51990 0.51920 42.41875  0.17030  0.00000  0.01297
SN: PSc350356   15 0.33310 0.33340 41.39792  0.18940  0.00000  0.01415
SN: PSc350374   15 0.50060 0.50000 42.12489  0.24200  0.00000  0.03604
SN: PSc350390   15 0.49590 0.49540 42.17850  0.20730  0.00000  0.03450
SN: PSc350393   15 0.36050 0.36000 41.51814  0.11280  0.00000  0.02074
SN: PSc350436   15 0.52050 0.51930 42.50491  0.15330  0.00000  0.03516
SN: PSc350480   15 0.31140 0.31080 41.08498  0.23140  0.00000  0.03884
SN: PSc350548   15 0.18060 0.18000 39.73460  0.12130  0.00000  0.01358
SN: PSc350567   15 0.34880 0.34830 41.45625  0.15780  0.00000  0.00736
SN: PSc350583   15 0.35850 0.35780 41.12612  0.24520  0.00000  0.00897
SN: PSc350613   15 0.41470 0.41360 42.23755  0.21630  0.00000  0.04303
SN: PSc350630   15 0.30510 0.30460 41.00676  0.12720  0.00000  0.01073
SN: PSc350668   15 0.21300 0.21180 40.07060  0.23880  0.00000  0.03759
SN: PSc350699   15 0.52460 0.52410 42.41088  0.13930  0.00000  0.01155
SN: PSc350714   15 0.52480 0.52410 42.13053  0.19440  0.00000  0.02418
SN: PSc350751   15 0.54840 0.54759 42.72448  0.13940  0.00000  0.04004
SN: PSc350771   15 0.57830 0.57780 42.71703  0.16480  0.00000  0.07067
SN: PSc350859   15 0.44010 0.43922 41.99377  0.17250  0.00000  0.04615
SN: PSc350869   15 0.38300 0.38240 41.55023  0.13250  0.00000  0.01010
SN: PSc360027   15 0.35840 0.35790 41.58310  0.19840  0.00000  0.05870
SN: PSc360052   15 0.31480 0.31360 40.94342  0.12290  0.00000  0.02378
SN: PSc360067   15 0.59350 0.59300 42.80127  0.14460  0.00000  0.02332
SN: PSc360106   15 0.37140 0.37070 41.58219  0.18950  0.00000  0.01194
SN: PSc360112   15 0.18720 0.18660 39.80354  0.13600  0.00000  0.02323
SN: PSc360120   15 0.39720 0.39646 41.59135  0.17630  0.00000  0.02226
SN: PSc360123   15 0.19720 0.19660 39.96017  0.11820  0.00000  0.01539
SN: PSc360125   15 0.30050 0.29990 41.29976  0.23330  0.00000  0.06595
SN: PSc360128   15 0.28690 0.28542 41.69240 163.54940  0.00000  0.04521
SN: PSc360136   15 0.38700 0.38650 42.04246  0.17380  0.00000  0.00813
SN: PSc360137   15 0.21730 0.21660 40.14096  0.18890  0.00000  0.02725
SN: PSc360139   15 0.38570 0.38500 41.55777  0.11660  0.00000  0.01007
SN: PSc360140   15 0.23070 0.23000 40.33002  0.15870  0.00000  0.01649
SN: PSc360145   15 0.19880 0.19830 40.03111  0.18770  0.00000  0.02238
SN: PSc360147   15 0.38340 0.38290 41.47730  0.25220  0.00000  0.03787
SN: PSc360154   15 0.42670 0.42560 42.04240  0.21450  0.00000  0.05162
SN: PSc360193   15 0.37420 0.37310 41.66721  0.15890  0.00000  0.00881
SN: PSc360230   15 0.56440 0.56331 42.62771  0.16880  0.00000  0.01814
SN: PSc360264   15 0.18910 0.18840 40.25206  0.59020  0.00000  0.03537
SN: PSc360276   15 0.32120 0.32070 41.23202  0.15970  0.00000  0.01461
SN: PSc360283   15 0.41160 0.41100 41.75097  0.25390  0.00000  0.01594
SN: PSc360285   15 0.52770 0.52710 42.49422  0.18630  0.00000  0.02306
SN: PSc360320   15 0.40620 0.40550 41.56017  0.24350  0.00000  0.04734
SN: PSc360346   15 0.36180 0.36140 41.43192  0.19980  0.00000  0.02786
SN: PSc360414   15 0.25840 0.25800 40.78458  0.19380  0.00000  0.01749
SN: PSc360440   15 0.50670 0.50550 42.43504  0.21450  0.00000  0.01997
SN: PSc360447   15 0.42290 0.42214 42.28886  0.34200  0.00000  0.03381
SN: PSc360516   15 0.19610 0.19538 39.97237  0.13370  0.00000  0.01610
SN: PSc360526   15 0.31110 0.31000 41.39800  0.32210  0.00000  0.06555
SN: PSc360594   15 0.50380 0.50304 42.58171  0.18540  0.00000  0.01378
SN: PSc360627   15 0.38050 0.38000 41.52792  0.14480  0.00000  0.01171
SN: PSc360647   15 0.48290 0.48250 42.03618  0.13820  0.00000  0.01281
SN: PSc360701   15 0.42690 0.42640 41.84549  0.14280  0.00000  0.01167
SN: PSc360727   15 0.42590 0.42535 41.95576  0.18190  0.00000  0.01067
SN: PSc360735   15 0.42970 0.42900 42.03234  0.17550  0.00000  0.01686
SN: PSc370034   15 0.37150 0.37090 41.51531  0.19450  0.00000  0.02287
SN: PSc370066   15 0.09060 0.09000 38.18890  0.19520  0.00000  0.02642
SN: PSc370075   15 0.30080 0.30020 40.88822  0.23940  0.00000  0.03692
SN: PSc370081   15 0.34450 0.34390 41.31340  0.25220  0.00000  0.01416
SN: PSc370096   15 0.47340 0.47220 42.02927  0.15970  0.00000  0.01896
SN: PSc370098   15 0.22180 0.22070 40.14666  0.11950  0.00000  0.02442
SN: PSc370131   15 0.60700 0.60589 42.39077  0.11850  0.00000  0.02151
SN: PSc370143   15 0.38760 0.38690 41.55582  0.13370  0.00000  0.03708
SN: PSc370161   15 0.40920 0.40870 41.80753  0.17680  0.00000  0.03964
SN: PSc370307   15 0.20390 0.20330 39.74982  0.15130  0.00000  0.01788
SN: PSc370312   15 0.56800 0.56716 42.44858  0.11560  0.00000  0.07656
SN: PSc370321   15 0.42310 0.42250 41.55576  0.24220  0.00000  0.03464
SN: PSc370328   15 0.37250 0.37140 41.50171  0.13910  0.00000  0.00815
SN: PSc370329   15 0.47740 0.47620 42.33877  0.18750  0.00000  0.06987
SN: PSc370332   15 0.51270 0.51220 42.47761  0.21770  0.00000  0.06435
SN: PSc370335   15 0.38920 0.38860 41.67613  0.20460  0.00000  0.01746
SN: PSc370336   15 0.56270 0.56162 42.75129  0.15140  0.00000  0.03954
SN: PSc370339   15 0.48030 0.47928 41.94479  0.16550  0.00000  0.01279
SN: PSc370344   15 0.33120 0.33000 41.16179  0.16580  0.00000  0.00971
SN: PSc370376   15 0.36660 0.36610 41.40200  0.13630  0.00000  0.02610
SN: PSc370395   15 0.33240 0.33120 40.94547  0.19370  0.00000  0.02398
SN: PSc370428   15 0.17760 0.17690 39.70888  0.13610  0.00000  0.02262
SN: PSc370435   15 0.39170 0.39130 41.49251  0.14130  0.00000  0.01966
SN: PSc370467   15 0.34540 0.34385 41.13164  0.17640  0.00000  0.02798
SN: PSc370473   15 0.59140 0.59090 42.37945  0.11380  0.00000  0.03193
SN: PSc370498   15 0.26070 0.26000 40.70716  0.12290  0.00000  0.01468
SN: PSc370504   15 0.50180 0.50110 42.64201  0.14360  0.00000  0.11268
SN: PSc370522   15 0.41030 0.40970 41.65907  0.14460  0.00000  0.02102
SN: PSc370528   15 0.40770 0.40720 41.66425  0.12790  0.00000  0.03435
SN: PSc370542   15 0.55820 0.55750 42.47588  0.12820  0.00000  0.04063
SN: PSc370563   15 0.18550 0.18430 39.91074  0.11660  0.00000  0.01927
SN: PSc370572   15 0.36250 0.36140 41.59229  0.22400  0.00000  0.01792
SN: PSc370575   15 0.35250 0.35200 41.14721  0.12350  0.00000  0.02853
SN: PSc370589   15 0.30620 0.30500 40.32908  0.39580  0.00000  0.01693
SN: PSc370595   15 0.17580 0.17460 39.71139  0.13900  0.00000  0.01450
SN: PSc370610   15 0.38280 0.38240 41.71927  0.16140  0.00000  0.01307
SN: PSc380006   15 0.30650 0.30600 41.09971  0.14970  0.00000  0.00931
SN: PSc380024   15 0.23590 0.23550 40.28607  0.22430  0.00000  0.09088
SN: PSc380034   15 0.16980 0.16910 39.61992  0.11430  0.00000  0.01272
SN: PSc380046   15 0.09970 0.09850 38.29621  0.25610  0.00000  0.14395
SN: PSc380073   15 0.29040 0.28990 40.73029  0.15840  0.00000  0.01076
SN: PSc380077   15 0.36430 0.36390 41.38271  0.18200  0.00000  0.05053
SN: PSc380079   15 0.24440 0.24400 40.42459  0.11420  0.00000  0.01634
SN: PSc380085   15 0.52230 0.52190 42.57069  0.15430  0.00000  0.01928
SN: PSc380087   15 0.14720 0.14680 39.06389  0.13480  0.00000  0.01868
SN: PSc380092   15 0.51340 0.51300 42.28123  0.23420  0.00000  0.07805
SN: PSc380095   15 0.23640 0.23600 40.38940  0.14400  0.00000  0.01333
SN: PSc380138   15 0.45900 0.45860 42.09113  0.16720  0.00000  0.02333
SN: PSc380145   15 0.48460 0.48420 42.37711  0.22580  0.00000  0.02071
SN: PSc380147   15 0.47860 0.47740 42.20379  0.15780  0.00000  0.01467
SN: PSc380199   15 0.45360 0.45320 42.15883  0.13460  0.00000  0.02943
SN: PSc380204   15 0.24040 0.24000 40.27872  0.25180  0.00000  0.05492
SN: PSc380279   15 0.34900 0.34790 41.25874  0.14980  0.00000  0.01032
SN: PSc380282   15 0.58190 0.58140 42.67610  0.13850  0.00000  0.01713
SN: PSc380287   15 0.34870 0.34820 41.36341  0.20010  0.00000  0.06007
SN: PSc380293   15 0.26860 0.26774 40.59323  0.21000  0.00000  0.08113
SN: PSc380305   15 0.48570 0.48530 42.29490  0.23180  0.00000  0.03731
SN: PSc380318   15 0.33780 0.33670 41.21405  0.16030  0.00000  0.01414
SN: PSc380358   15 0.53110 0.53050 42.48895  0.14680  0.00000  0.03046
SN: PSc380378   15 0.27120 0.27080 40.67445  0.13560  0.00000  0.02916
SN: PSc380379   15 0.28300 0.28260 40.58339  0.20360  0.00000  0.05755
SN: PSc380392   15 0.44990 0.44920 42.10088  0.17390  0.00000  0.03665
SN: PSc380406   15 0.63630 0.63515 42.96560  0.13870  0.00000  0.01755
SN: PSc380421   15 0.24510 0.24470 40.45494  0.14650  0.00000  0.01105
SN: PSc380424   15 0.36290 0.36250 41.36485  0.16750  0.00000  0.01421
SN: PSc380433   15 0.46190 0.46120 42.07895  0.17120  0.00000  0.04623
SN: PSc380438   15 0.42250 0.42180 41.77974  0.17400  0.00000  0.01071
SN: PSc380451   15 0.31610 0.31540 41.06308  0.14170  0.00000  0.01319
SN: PSc380454   15 0.34560 0.34520 41.53592  0.17410  0.00000  0.01664
SN: PSc380479   15 0.57810 0.57740 42.57749  0.16140  0.00000  0.02814
SN: PSc390040   15 0.57190 0.57120 42.60214  0.15620  0.00000  0.01980
SN: PSc390061   15 0.28190 0.28150 41.00182  0.26770  0.00000  0.06266
SN: PSc390185   15 0.48640 0.48610 42.28205  0.23650  0.00000  0.06528
SN: PSc390259   15 0.12210 0.12200 38.79107  0.18370  0.00000  0.01999
SN: PSc390264   15 0.29210 0.29200 40.36067  0.26610  0.00000  0.07972
SN: PSc390283   15 0.47300 0.47290 41.87220  0.13780  0.00000  0.01551
SN: PSc390432   15 0.23200 0.23190 40.14498  0.13400  0.00000  0.01187
SN: PSc390442   15 0.38610 0.38600 41.60899  0.21870  0.00000  0.03680
SN: PSc390449   15 0.25010 0.25000 40.47964  0.17510  0.00000  0.01234
SN: PSc390471   15 0.37040 0.37000 41.21403  0.11190  0.00000  0.04910
SN: PSc390476   15 0.58600 0.58560 42.54848  0.15060  0.00000  0.03413
SN: PSc390479   15 0.52650 0.52610 42.13460  0.18810  0.00000  0.04933
SN: PSc390485   15 0.39160 0.39150 41.39375  0.18230  0.00000  0.02798
SN: PSc390505   15 0.38910 0.38900 41.69295  0.20550  0.00000  0.05246
SN: PSc390574   15 0.36400 0.36360 41.38977  0.17720  0.00000  0.00777
SN: PSc390575   15 0.33040 0.33000 41.33945  0.15570  0.00000  0.01303
SN: PSc390627   15 0.16060 0.16020 39.44769  0.12470  0.00000  0.06467
SN: PSc390629   15 0.41030 0.40990 41.69186  0.36000  0.00000  0.01461
SN: PSc390640   15 0.24830 0.24820 41.87453 312.05910  0.00000  0.06875
SN: PSc400042   15 0.26330 0.26320 40.56535  0.33340  0.00000  0.04298
SN: PSc400103   15 0.33960 0.33950 42.09782  2.60090  0.00000  0.02111
SN: PSc400123   15 0.19240 0.19200 39.63956  0.18660  0.00000  0.02411
SN: PSc420061   15 0.26130 0.26284 40.51110  0.27040  0.00000  0.04718
SN: PSc420101   15 0.33720 0.33840 41.34458  0.18150  0.00000  0.01348
SN: PSc420159   15 0.18110 0.18230 39.63839  0.11410  0.00000  0.01702
SN: PSc420171   15 0.40760 0.40870 41.98347  0.20520  0.00000  0.01074
SN: PSc420196   15 0.29880 0.30000 41.29929  0.21150  0.00000  0.01753
SN: PSc420206   15 0.50360 0.50490 42.27822  0.18390  0.00000  0.03829
SN: PSc420239   15 0.28570 0.28690 40.62916  0.12950  0.00000  0.01749
SN: PSc420246   15 0.39560 0.39680 41.69945  0.22150  0.00000  0.01824
SN: PSc420258   15 0.27420 0.27550 40.71155  0.22830  0.00000  0.09903
SN: PSc420259   15 0.27990 0.28070 40.76238  0.17380  0.00000  0.01751
SN: PSc420278   15 0.29900 0.30006 40.93531  0.17920  0.00000  0.03549
SN: PSc420352   15 0.40260 0.40340 41.45733  0.17390  0.00000  0.01241
SN: PSc420355   15 0.40950 0.41070 41.40165  0.33990  0.00000  0.02443
SN: PSc420407   15 0.24550 0.24660 40.61822  0.15500  0.00000  0.02380
SN: PSc420414   15 0.29280 0.29400 40.78923  0.18290  0.00000  0.00881
SN: PSc420417   15 0.36140 0.36260 41.20725  0.21560  0.00000  0.01044
SN: PSc420430   15 0.31840 0.31960 41.29669  0.33760  0.00000  0.11425
SN: PSc420435   15 0.31740 0.31860 40.86634  0.17240  0.00000  0.01816
SN: PSc430003   15 0.32880 0.33000 40.94942  0.24660  0.00000  0.05579
SN: PSc440003   15 0.29680 0.29800 40.90648  0.23670  0.00000  0.00885
SN: PSc440005   15 0.30560 0.30600 41.03400  0.19170  0.00000  0.04343
SN: PSc440008   15 0.14660 0.14700 39.29683  0.16640  0.00000  0.01812
SN: PSc440019   15 0.28400 0.28448 40.72439  0.28230  0.00000  0.08399
SN: PSc440025   15 0.17450 0.17544 40.24984  0.27440  0.00000  0.01895
SN: PSc440027   15 0.33820 0.33873 41.36886  0.18100  0.00000  0.01519
SN: PSc440040   15 0.27750 0.27870 40.88325  0.18580  0.00000  0.02861
SN: PSc440042   15 0.15920 0.16000 39.63315  0.16850  0.00000  0.02306
SN: PSc440050   15 0.28580 0.28700 40.85889  0.15560  0.00000  0.01417
SN: PSc440066   15 0.08400 0.08480 38.47930 256.70630  0.00000  0.10173
SN: PSc440073   15 0.15660 0.15703 39.10084  0.26120  0.00000  0.21064
SN: PSc440101   15 0.09250 0.09370 37.83919  0.22960  0.00000  0.09845
SN: PSc440112   15 0.22970 0.23068 40.09463  0.18630  0.00000  0.01954
SN: PSc440115   15 0.24550 0.24630 40.24134  0.18030  0.00000  0.03316
SN: PSc440162   15 0.42000 0.42120 41.75874  0.15890  0.00000  0.02354
SN: PSc440202   15 0.14480 0.14600 39.58545 285.44420  0.00000  0.16242
SN: PSc440216   15 0.36080 0.36200 41.53625  0.44610  0.00000  0.00954
SN: PSc440229   15 0.43780 0.43850 41.91017  0.16380  0.00000  0.02909
SN: PSc440236   15 0.43580 0.43660 41.85472  0.13310  0.00000  0.02519
SN: PSc440242   15 0.42780 0.42820 41.98507  0.14760  0.00000  0.01714
SN: PSc440285   15 0.17710 0.17790 39.84798  0.18160  0.00000  0.03376
SN: PSc440296   15 0.16410 0.16450 40.15104  1.42340  0.00000  0.15018
SN: PSc440309   15 0.27940 0.28096 40.53053  0.22990  0.00000  0.07912
SN: PSc440474   15 0.28330 0.28450 40.70127  0.21760  0.00000  0.01483
SN: PSc440504   15 0.38350 0.38480 41.61904  0.19410  0.00000  0.04418
SN: PSc440506   15 0.58900 0.58970 42.89763  0.19470  0.00000  0.05262
SN: PSc440507   15 0.29020 0.29122 40.81715  0.16570  0.00000  0.02261
SN: PSc440509   15 0.31920 0.32000 41.03444  0.15600  0.00000  0.02080
SN: PSc440525   15 0.25390 0.25510 40.40298  0.16730  0.00000  0.02440
SN: PSc440531   15 0.52300 0.52380 42.43939  0.15580  0.00000  0.01583
SN: PSc440559   15 0.43080 0.43196 42.16101  0.18360  0.00000  0.02193
SN: PSc440616   15 0.28290 0.28370 40.65992  0.12850  0.00000  0.03106
SN: PSc440638   15 0.61670 0.61804 42.87002  0.11600  0.00000  0.01994
SN: PSc440643   15 0.18960 0.19000 39.87348  0.13830  0.00000  0.02421
SN: PSc450054   15 0.38170 0.38200 41.34829  0.16320  0.00000  0.01444
SN: PSc450075   15 0.34330 0.34270 41.52773  0.26300  0.00000  0.04925
SN: PSc450080   15 0.26930 0.27060 41.12127  0.30810  0.00000  0.09735
SN: PSc450082   15 0.24880 0.25000 40.51501  0.16060  0.00000  0.01312
SN: PSc450087   15 0.37050 0.37130 41.39250  0.18000  0.00000  0.05056
SN: PSc450175   15 0.51960 0.52000 42.17920  0.19960  0.00000  0.02130
SN: PSc450200   15 0.26070 0.26190 40.48756  0.18170  0.00000  0.02961
SN: PSc450238   15 0.34330 0.34460 41.24696  0.23800  0.00000  0.04000
SN: PSc450256   15 0.32770 0.32810 41.01061  0.29050  0.00000  0.05142
SN: PSc450274   15 0.48320 0.48440 42.24723  0.20200  0.00000  0.03686
SN: PSc450284   15 0.13920 0.14000 39.70156 158.75670  0.00000  0.06888
SN: PSc450299   15 0.45330 0.45246 42.04896  0.22880  0.00000  0.03133
SN: PSc450311   15 0.21500 0.21430 40.11215  0.15040  0.00000  0.01648
SN: PSc450312   15 0.26220 0.26160 40.68842  0.17230  0.00000  0.01536
SN: PSc450335   15 0.33040 0.33120 41.37873  0.19800  0.00000  0.01026
SN: PSc450339   15 0.40960 0.41040 41.75851  0.22940  0.00000  0.02438
SN: PSc450344   15 0.24510 0.24630 40.41327  0.36150  0.00000  0.03263
SN: PSc460002   15 0.18660 0.18600 39.84041  0.11390  0.00000  0.01634
SN: PSc460003   15 0.15060 0.15000 39.23871  0.11450  0.00000  0.01679
SN: PSc460004   15 0.20920 0.21000 40.17109  0.14090  0.00000  0.03308
SN: PSc460005   15 0.29520 0.29600 41.10401  0.21140  0.00000  0.02054
SN: PSc460013   15 0.31900 0.31940 41.02267  0.20710  0.00000  0.00888
SN: PSc460022   15 0.31130 0.31210 41.37572  0.29340  0.00000  0.01175
SN: PSc460026   15 0.47680 0.47620 42.14627  0.26140  0.00000  0.06351
SN: PSc460037   15 0.30300 0.30340 41.00208  0.19640  0.00000  0.01290
SN: PSc460038   15 0.18160 0.18100 40.22138  0.22750  0.00000  0.10575
SN: PSc460054   15 0.33500 0.33440 41.19452  0.14230  0.00000  0.03233
SN: PSc460063   15 0.17490 0.17570 40.27847 281.90040  0.00000  0.05501
SN: PSc460064   15 0.24240 0.24280 40.19834  0.16320  0.00000  0.01953
SN: PSc460065   15 0.26490 0.26530 40.52383  0.17460  0.00000  0.01830
SN: PSc460066   15 0.23380 0.23427 40.31253  0.18580  0.00000  0.01426
SN: PSc460073   15 0.28380 0.28305 41.35687  0.21860  0.00000  0.02130
SN: PSc460082   15 0.33100 0.33180 41.24696  0.23290  0.00000  0.01466
SN: PSc460091   15 0.49860 0.49800 41.91711  0.20480  0.00000  0.03920
SN: PSc460105   15 0.21060 0.21000 40.05770  0.13550  0.00000  0.02600
SN: PSc470008   15 0.23960 0.24000 39.99791  0.15300  0.00000  0.01844
SN: PSc470015   15 0.33760 0.33800 41.22675  0.35060  0.00000  0.03509
SN: PSc470041   15 0.33160 0.33100 41.09364  0.12560  0.00000  0.01790
SN: PSc470110   15 0.34560 0.34600 41.29400  0.18760  0.00000  0.02220
SN: PSc470114   15 0.27730 0.27770 40.54056  0.26010  0.00000  0.02434
SN: PSc470232   15 0.20060 0.20000 40.12970  0.16800  0.00000  0.01505
SN: PSc470233   15 0.42830 0.42770 42.06715  0.22120  0.00000  0.03933
SN: PSc470244   15 0.36060 0.36000 41.53728  0.14160  0.00000  0.02240
SN: PSc480002   15 0.30600 0.30529 40.77957  0.20150  0.00000  0.02713
SN: PSc480035   15 0.23020 0.22900 40.18342  0.12530  0.00000  0.01992
SN: PSc480042   15 0.44680 0.44620 41.84304  0.14770  0.00000  0.00908
SN: PSc480054   15 0.17310 0.17249 39.71107  0.11190  0.00000  0.02158
SN: PSc480059   15 0.16400 0.16330 39.57270  0.20420  0.00000  0.15252
SN: PSc480064   15 0.24350 0.24290 40.65757  0.24140  0.00000  0.03045
SN: PSc480065   15 0.44290 0.44240 41.85847  0.14490  0.00000  0.02120
SN: PSc480069   15 0.50100 0.50014 42.47453  0.16400  0.00000  0.03228
SN: PSc480080   15 0.24160 0.24110 40.70182  0.14430  0.00000  0.01289
SN: PSc480126   15 0.31950 0.31900 41.30885  0.16300  0.00000  0.02502
SN: PSc480127   15 0.26900 0.26828 40.68472  0.25300  0.00000  0.03149
SN: PSc480128   15 0.34840 0.34790 41.26658  0.16710  0.00000  0.03383
SN: PSc480173   15 0.30530 0.30420 40.98848  0.17760  0.00000  0.02507
SN: PSc480179   15 0.39850 0.39780 41.62405  0.24590  0.00000  0.01182
SN: PSc480180   15 0.42530 0.42460 42.02679  0.16900  0.00000  0.01514
SN: PSc480184   15 0.33070 0.33010 41.21448  0.19610  0.00000  0.03725
SN: PSc480189   15 0.28210 0.28150 41.76028 301.61410  0.00000  0.08839
SN: PSc480195   15 0.41920 0.41870 41.72765  0.23240  0.00000  0.04386
SN: PSc480198   15 0.37590 0.37520 41.55146  0.18020  0.00000  0.04115
SN: PSc480210   15 0.66340 0.66245 42.88430  0.11520  0.00000  0.06409
SN: PSc480214   15 0.35590 0.35530 41.25431  0.20320  0.00000  0.02294
SN: PSc480236   15 0.55970 0.55910 42.44714  0.19520  0.00000  0.03655
SN: PSc480265   15 0.49970 0.49910 42.83327  0.22010  0.00000  0.01418
SN: PSc480311   15 0.53720 0.53611 42.59829  0.16740  0.00000  0.04521
SN: PSc480315   15 0.31650 0.31580 40.98756  0.21690  0.00000  0.05250
SN: PSc480360   15 0.28350 0.28300 40.71244  0.14960  0.00000  0.01166
SN: PSc480371   15 0.50290 0.50220 42.33433  0.18190  0.00000  0.02326
SN: PSc480376   15 0.42200 0.42101 41.89072  0.16790  0.00000  0.08415
SN: PSc480378   15 0.24770 0.24700 39.98649  0.16090  0.00000  0.01838
SN: PSc480427   15 0.44450 0.44351 41.90079  0.24120  0.00000  0.02325
SN: PSc480453   15 0.49680 0.49596 42.07049  0.16900  0.00000  0.02611
SN: PSc480464   15 0.22260 0.22150 40.20232  0.10820  0.00000  0.03075
SN: PSc480560   15 0.33480 0.33430 41.17174  0.17070  0.00000  0.01023
SN: PSc480631   15 0.34620 0.34500 41.06789  0.17200  0.00000  0.02404
SN: PSc480635   15 0.51700 0.51590 42.54935  0.15520  0.00000  0.01543
SN: PSc480644   15 0.35300 0.35250 41.28531  0.16300  0.00000  0.00947
SN: PSc480732   15 0.42880 0.42810 41.76841  0.12430  0.00000  0.03233
SN: PSc480782   15 0.48070 0.47965 42.38450  0.16550  0.00000  0.03052
SN: PSc480788   15 0.20040 0.19980 40.09579  0.13180  0.00000  0.01069
SN: PSc480791   15 0.44820 0.44700 41.89587  0.18050  0.00000  0.03377
SN: PSc480794   15 0.33540 0.33420 41.16768  0.16520  0.00000  0.01033
SN: PSc480813   15 0.61920 0.61860 42.80877  0.18000  0.00000  0.05398
SN: PSc480844   15 0.15960 0.15890 39.37344  0.20020  0.00000  0.09023
SN: PSc480863   15 0.39910 0.39800 41.72868  0.21360  0.00000  0.01447
SN: PSc480925   15 0.30130 0.30070 41.08484  0.18270  0.00000  0.01277
SN: PSc480943   15 0.40390 0.40320 41.66733  0.29660  0.00000  0.05096
SN: PSc490001   15 0.30470 0.30400 40.95204  0.14530  0.00000  0.01868
SN: PSc490008   15 0.11950 0.11890 38.76501  0.12860  0.00000  0.02182
SN: PSc490015   15 0.28270 0.28200 40.77071  0.13290  0.00000  0.02636
SN: PSc490037   15 0.42300 0.42190 41.61572  0.14230  0.00000  0.02808
SN: PSc490190   15 0.31080 0.31011 41.43162  0.17240  0.00000  0.02319
SN: PSc490191   15 0.35350 0.35290 41.26973  0.26950  0.00000  0.10237
SN: PSc490194   15 0.09710 0.09632 39.77330 250.12700  0.00000  0.10421
SN: PSc490274   15 0.37590 0.37517 41.56206  0.17630  0.00000  0.01733
SN: PSc490402   15 0.49540 0.49480 41.90372  0.17620  0.00000  0.03124
SN: PSc490403   15 0.52410 0.52350 42.20350  0.16140  0.00000  0.05706
SN: PSc490434   15 0.59780 0.59710 42.74586  0.16190  0.00000  0.06214
SN: PSc490442   15 0.29940 0.29880 40.91708  0.14330  0.00000  0.01780
SN: PSc490456   15 0.17620 0.17552 40.13709  0.75420  0.00000  0.09745
SN: PSc490488   15 0.42220 0.42160 41.98153  0.15830  0.00000  0.04226
SN: PSc490521   15 0.34120 0.34000 41.02739  0.25430  0.00000  0.12095
SN: PSc490561   15 0.31590 0.31520 42.40638 242.22160  0.00000  0.03161
SN: PSc490575   15 0.27320 0.27233 40.61282  0.12230  0.00000  0.01048
SN: PSc490579   15 0.21060 0.20990 40.16575  0.22830  0.00000  0.04154
SN: PSc500001   15 0.21580 0.21460 40.06266  0.13820  0.00000  0.01775
SN: PSc500004   15 0.25040 0.25000 40.39847  0.16030  0.00000  0.02106
SN: PSc500006   15 0.28580 0.28528 40.97524  0.20860  0.00000  0.03761
SN: PSc500009   15 0.34510 0.34440 41.20779  0.17830  0.00000  0.00758
SN: PSc500016   15 0.31150 0.31110 40.94848  0.18040  0.00000  0.02083
SN: PSc500018   15 0.36330 0.36210 41.34756  0.20760  0.00000  0.06519
SN: PSc500020   15 0.24090 0.24050 40.30145  0.16160  0.00000  0.03041
SN: PSc500025   15 0.32160 0.32120 41.16249  0.23860  0.00000  0.07308
SN: PSc500032   15 0.22510 0.22470 40.16423  0.21690  0.00000  0.08095
SN: PSc500035   15 0.22320 0.22210 40.14005  0.12370  0.00000  0.02174
SN: PSc500038   15 0.10800 0.10680 38.60011  0.12830  0.00000  0.02368
SN: PSc500043   15 0.25260 0.25140 40.46676  0.19640  0.00000  0.02835
SN: PSc500044   15 0.51540 0.51436 42.29230  0.15890  0.00000  0.02832
SN: PSc500048   15 0.24840 0.24720 40.52525  0.21110  0.00000  0.07673
SN: PSc500049   15 0.34590 0.34480 41.41282  0.14930  0.00000  0.01604
SN: PSc500057   15 0.38040 0.38000 41.54729  0.12250  0.00000  0.03541
SN: PSc500065   15 0.28500 0.28460 40.69293  0.13530  0.00000  0.07921
SN: PSc500067   15 0.29520 0.29480 40.28444  0.27930  0.00000  0.11353
SN: PSc500074   15 0.42290 0.42220 41.76071  0.18260  0.00000  0.02532
SN: PSc500078   15 0.35640 0.35600 41.25657  0.21210  0.00000  0.06105
SN: PSc500084   15 0.35970 0.35888 41.35250  0.18450  0.00000  0.04118
SN: PSc500085   15 0.39820 0.39750 41.67198  0.13750  0.00000  0.02090
SN: PSc500086   15 0.44480 0.44382 41.95485  0.15070  0.00000  0.05232
SN: PSc500091   15 0.33980 0.33920 41.29358  0.17870  0.00000  0.02221
SN: PSc500099   15 0.42040 0.41980 41.77199  0.14450  0.00000  0.03039
SN: PSc500100   15 0.31160 0.31100 41.14913  0.12740  0.00000  0.02222
SN: PSc500102   15 0.23620 0.23510 40.31290  0.20040  0.00000  0.02104
SN: PSc500104   15 0.48960 0.48886 41.84158  0.13780  0.00000  0.01400
SN: PSc500163   15 0.25480 0.25410 40.48772  0.21710  0.00000  0.08326
SN: PSc500165   15 0.51050 0.50990 42.58877  0.21920  0.00000  0.01714
SN: PSc500256   15 0.29570 0.29450 40.83847  0.23290  0.00000  0.02947
SN: PSc500274   15 0.43480 0.43410 41.98338  0.25410  0.00000  0.10435
SN: PSc500275   15 0.39380 0.39310 42.27686  0.25640  0.00000  0.07208
SN: PSc500278   15 0.48360 0.48255 42.55635  0.21200  0.00000  0.02575
SN: PSc500301   15 0.32540 0.32500 41.13880  0.24780  0.00000  0.07019
SN: PSc500322   15 0.30420 0.30328 41.76015  0.72210  0.00000  0.08485
SN: PSc500328   15 0.45540 0.45500 42.13516  0.14970  0.00000  0.02288
SN: PSc500362   15 0.51650 0.51580 42.31998  0.18300  0.00000  0.03592
SN: PSc500369   15 0.57580 0.57470 42.52132  0.15590  0.00000  0.01387
SN: PSc500389   15 0.49270 0.49200 41.90890  0.13050  0.00000  0.02816
SN: PSc500396   15 0.55620 0.55550 42.46199  0.12470  0.00000  0.01758
SN: PSc500484   15 0.32480 0.32410 41.76237  0.33070  0.00000  0.05976
SN: PSc500504   15 0.19900 0.19860 39.77357  0.18530  0.00000  0.04375
SN: PSc500511   15 0.33480 0.33420 41.09180  0.16730  0.00000  0.01030
SN: PSc510122   15 0.35530 0.35520 41.57477  0.15470  0.00000  0.01827
SN: PSc510147   15 0.35340 0.35330 41.18290  0.19400  0.00000  0.01750
SN: PSc510167   15 0.41880 0.41840 42.01456  0.23750  0.00000  0.01989
SN: PSc510175   15 0.35990 0.35980 41.35705  0.16050  0.00000  0.02227
SN: PSc510203   15 0.41980 0.41920 42.13648  0.17740  0.00000  0.02204
SN: PSc510234   15 0.34020 0.34010 41.50628  0.16270  0.00000  0.01366
SN: PSc510251   15 0.24040 0.24030 40.48760  0.18380  0.00000  0.02941
SN: PSc510266   15 0.43710 0.43670 41.77487  0.13090  0.00000  0.03724
SN: PSc510305   15 0.61740 0.61700 42.75914  0.15030  0.00000  0.03651
SN: PSc510318   15 0.15220 0.15160 39.35002  0.17020  0.00000  0.02067
SN: PSc510438   15 0.46010 0.45912 41.92779  0.18690  0.00000  0.01901
SN: PSc510457   15 0.50270 0.50200 42.11874  0.31580  0.00000  0.08841
SN: PSc510550   15 0.24110 0.24100 40.45688  0.11670  0.00000  0.02015
SN: PSc510556   15 0.48720 0.48662 42.32469  0.18170  0.00000  0.01207
SN: PSc510578   15 0.37010 0.37000 41.48278  0.13740  0.00000  0.02249
SN: PSc510596   15 0.16280 0.16202 39.92578 199.66360  0.00000  0.05606
SN: PSc510597   15 0.46070 0.46000 41.98412  0.17080  0.00000  0.01031
SN: PSc510638   15 0.27000 0.27000 40.72490  0.14670  0.00000  0.01479
SN: PSc510650   15 0.18300 0.18250 39.64109  0.17760  0.00000  0.03154
SN: PSc510653   15 0.35200 0.35140 41.26539  0.15610  0.00000  0.01843
SN: PSc520011   15 0.28220 0.28180 40.86868  0.12050  0.00000  0.01069
SN: PSc520015   15 0.26710 0.26640 40.61368  0.18160  0.00000  0.03576
SN: PSc520016   15 0.44800 0.44730 42.02957  0.14180  0.00000  0.02899
SN: PSc520017   15 0.61560 0.61520 42.80227  0.12350  0.00000  0.03085
SN: PSc520019   15 0.26270 0.26270 40.70417  0.14780  0.00000  0.00789
SN: PSc520021   15 0.40950 0.40880 41.67565  0.32820  0.00000  0.06557
SN: PSc520022   15 0.11940 0.11900 38.60083  0.19280  0.00000  0.11009
SN: PSc520023   15 0.26760 0.26750 40.47510  0.19680  0.00000  0.01150
SN: PSc520031   15 0.35750 0.35700 41.52596  0.17320  0.00000  0.01136
SN: PSc520041   15 0.54500 0.54430 42.69260  0.20850  0.00000  0.04713
SN: PSc520047   15 0.45100 0.45093 42.37347  0.27470  0.00000  0.02416
SN: PSc520058   15 0.46070 0.46030 42.35437  0.19570  0.00000  0.01681
SN: PSc520059   15 0.45870 0.45830 41.68839  0.13540  0.00000  0.01281
SN: PSc520061   15 0.52340 0.52300 42.42616  0.16270  0.00000  0.03443
SN: PSc520070   15 0.56110 0.56070 42.68618  0.15380  0.00000  0.06228
SN: PSc520071   15 0.41140 0.41100 41.95433  0.12820  0.00000  0.02377
SN: PSc520077   15 0.25000 0.25000 40.72648  0.14020  0.00000  0.02906
SN: PSc520083   15 0.33900 0.33860 41.08960  0.27830  0.00000  0.09173
SN: PSc520086   15 0.43090 0.43050 41.88609  0.17130  0.00000  0.05383
SN: PSc520120   15 0.57970 0.57970 42.60581  0.14610  0.00000  0.01409
SN: PSc520133   15 0.40190 0.40120 41.80035  0.12110  0.00000  0.04266
SN: PSc520138   15 0.21970 0.21960 40.12720  0.18300  0.00000  0.03491
SN: PSc520140   15 0.26710 0.26705 41.68688 166.24470  0.00000  0.01389
SN: PSc520155   15 0.22290 0.22230 40.22983  0.15830  0.00000  0.01594
SN: PSc520188   15 0.28040 0.28000 40.73902  0.14760  0.00000  0.01949
SN: PSc520225   15 0.38480 0.38470 41.97175  0.17690  0.00000  0.09104
SN: PSc520232   15 0.47180 0.47140 42.04187  0.10950  0.00000  0.02261
SN: PSc520252   15 0.64700 0.64690 43.15334  0.14030  0.00000  0.04572
SN: PSc530001   15 0.43350 0.43310 41.78815  0.13010  0.00000  0.01058
SN: PSc530031   15 0.33600 0.33590 41.12557  0.17740  0.00000  0.03295
SN: PSc530032   15 0.49050 0.49040 42.21607  0.18660  0.00000  0.01425
SN: PSc530037   15 0.26880 0.27000 40.72680  0.12820  0.00000  0.02834
SN: PSc530052   15 0.66450 0.66440 43.11708  0.14820  0.00000  0.02524
SN: PSc530081   15 0.32920 0.32910 41.26490  0.14530  0.00000  0.01226
SN: PSc530082   15 0.47200 0.47190 42.23935  0.17780  0.00000  0.04704
SN: PSc530088   15 0.48400 0.48576 42.08152  0.18650  0.00000  0.04176
SN: PSc530089   15 0.47670 0.47630 42.15447  0.14410  0.00000  0.00672
SN: PSc530093   15 0.35000 0.34989 41.08674  0.14800  0.00000  0.01017
SN: PSc530100   15 0.31630 0.31750 40.77769  0.18190  0.00000  0.01725
SN: PSc530105   15 0.51410 0.51380 42.74315  0.17960  0.00000  0.01811
SN: PSc530112   15 0.31450 0.31570 41.25145  0.13230  0.00000  0.01104
SN: PSc530115   15 0.30160 0.30160 41.06935  0.23120  0.00000  0.04502
SN: PSc530198   15 0.37620 0.37740 41.53499  0.19400  0.00000  0.02380
SN: PSc530201   15 0.33540 0.33660 41.46737  0.29130  0.00000  0.14716
SN: PSc530218   15 0.50800 0.50920 41.92811  0.16280  0.00000  0.05101
SN: PSc530219   15 0.32880 0.33000 41.48982  0.14710  0.00000  0.02592
SN: PSc530251   15 0.41180 0.41300 41.90347  0.20550  0.00000  0.05217
SN: PSc530302   15 0.33800 0.33790 41.26817  0.20520  0.00000  0.03966
SN: PSc530303   15 0.58120 0.58112 42.79501  0.19930  0.00000  0.04243
SN: PSc530460   15 0.21520 0.21630 40.20444  0.11950  0.00000  0.01079
SN: PSc530500   15 0.27280 0.27270 40.57595  0.29540  0.00000  0.03295
SN: PSc530501   15 0.47420 0.47411 42.35862  0.15920  0.00000  0.01838
SN: PSc530502   15 0.46210 0.46200 41.88841  0.17510  0.00000  0.02441
SN: PSc530540   15 0.23360 0.23480 40.30747  0.26730  0.00000  0.04356
SN: PSc530542   15 0.24740 0.24860 40.46605  0.25240  0.00000  0.04162
SN: PSc530547   15 0.19780 0.19910 40.90955 48.62820  0.00000  0.04790
SN: PSc530548   15 0.37660 0.37790 41.67111  0.24290  0.00000  0.06520
SN: PSc530580   15 0.31200 0.31190 41.81647 171.88840  0.00000  0.01796
SN: PSc530585   15 0.42020 0.42140 41.56306  0.17290  0.00000  0.01520
SN: PSc530618   15 0.42600 0.42600 42.09624  0.22640  0.00000  0.01112
SN: PSc530621   15 0.33000 0.33090 41.16857  0.12620  0.00000  0.04969
SN: PSc530629   15 0.28780 0.28860 40.73471  0.24820  0.00000  0.03070
SN: PSc530630   15 0.36230 0.36310 41.45238  0.21200  0.00000  0.04228
SN: PSc530641   15 0.41900 0.41890 41.69079  0.18440  0.00000  0.01945
SN: PSc530704   15 0.39050 0.39040 41.78418  0.14190  0.00000  0.01444
SN: PSc540002   15 0.34020 0.34010 41.37490  0.21880  0.00000  0.02955
SN: PSc540029   15 0.49970 0.49960 41.92133  0.17090  0.00000  0.03137
SN: PSc540033   15 0.31250 0.31240 41.14704  0.23280  0.00000  0.07016
SN: PSc540040   15 0.52320 0.52440 42.74003  0.16310  0.00000  0.04332
SN: PSc540046   15 0.40650 0.40770 41.89201  0.26910  0.00000  0.04657
SN: PSc540076   15 0.35010 0.35130 41.43248  0.16040  0.00000  0.00918
SN: PSc540087   15 0.27380 0.27500 40.89989  0.14070  0.00000  0.02175
SN: PSc540088   15 0.31480 0.31600 40.94943  0.21710  0.00000  0.05434
SN: PSc540091   15 0.40520 0.40640 41.82133  0.21500  0.00000  0.07204
SN: PSc540095   15 0.18750 0.18895 39.23853  0.21670  0.00000  0.02659
SN: PSc540110   15 0.34300 0.34300 41.05980  0.17090  0.00000  0.01402
SN: PSc540112   15 0.21080 0.21200 40.04203  0.13480  0.00000  0.00927
SN: PSc540116   15 0.35880 0.36000 41.40023  0.19900  0.00000  0.03198
SN: PSc540118   15 0.47530 0.47650 42.31748  0.13990  0.00000  0.03027
SN: PSc540119   15 0.27430 0.27550 40.72679  0.18320  0.00000  0.01125
SN: PSc540132   15 0.48770 0.48890 42.22847  0.19660  0.00000  0.02268
SN: PSc540134   15 0.51640 0.51760 42.36120  0.15930  0.00000  0.02397
SN: PSc540138   15 0.36510 0.36590 41.48081  0.14090  0.00000  0.01380
SN: PSc540142   15 0.30620 0.30610 42.01318  4.47090  0.00000  0.03930
SN: PSc540147   15 0.40620 0.40740 41.67496  0.19630  0.00000  0.02803
SN: PSc540152   15 0.38470 0.38590 41.62547  0.11110  0.00000  0.02513
SN: PSc540156   15 0.52750 0.52870 42.43247  0.15350  0.00000  0.03968
SN: PSc540157   15 0.37470 0.37590 41.44442  0.15700  0.00000  0.02342
SN: PSc540163   15 0.32970 0.33050 41.22820  0.19730  0.00000  0.03669
SN: PSc540172   15 0.51790 0.51910 42.50012  0.14060  0.00000  0.00966
SN: PSc540181   15 0.30880 0.31010 41.07083  0.14450  0.00000  0.02032
SN: PSc540221   15 0.20890 0.20970 40.05743  0.22170  0.00000  0.02811
SN: PSc540227   15 0.55780 0.55860 42.86746  0.15860  0.00000  0.04992
SN: PSc540228   15 0.46350 0.46470 42.08080  0.13070  0.00000  0.02633
SN: PSc540251   15 0.29780 0.29900 41.14307  0.20860  0.00000  0.02332
SN: PSc540272   15 0.54880 0.55000 42.50609  0.12250  0.00000  0.02515
SN: PSc540284   15 0.35050 0.35170 41.33697  0.20550  0.00000  0.03576
SN: PSc540291   15 0.37640 0.37760 41.68500  0.17350  0.00000  0.03662
SN: PSc550003   15 0.22980 0.23027 41.31516 256.17780  0.00000  0.02502
SN: PSc550006   15 0.35030 0.35081 41.09990  0.18760  0.00000  0.01461
SN: PSc550009   15 0.33570 0.33600 41.33708  0.20370  0.00000  0.01774
SN: PSc550027   15 0.22380 0.22500 40.16425  0.21010  0.00000  0.02116
SN: PSc550031   15 0.28080 0.28160 40.65555  0.14020  0.00000  0.01164
SN: PSc550040   15 0.21380 0.21500 40.22514  0.22400  0.00000  0.09262
SN: PSc550041   15 0.25880 0.26000 40.56996  0.13110  0.00000  0.04367
SN: PSc550047   15 0.32050 0.32130 41.43474  0.17620  0.00000  0.00776
SN: PSc550050   15 0.20170 0.20280 40.03979  0.24740  0.00000  0.03052
SN: PSc550060   15 0.25120 0.25240 40.34757  0.12070  0.00000  0.04527
SN: PSc550067   15 0.18690 0.18810 39.84999  0.19050  0.00000  0.03127
SN: PSc550088   15 0.20920 0.21000 40.91829  1.28780  0.00000  0.07378
SN: PSc550096   15 0.22360 0.22400 40.02258  0.18240  0.00000  0.01539
SN: PSc550146   15 0.17660 0.17790 39.46209  0.18550  0.00000  0.03295
SN: PSc550150   15 0.32410 0.32519 41.11665  0.11390  0.00000  0.02941
SN: PSc550154   15 0.21110 0.21190 40.27593  0.11870  0.00000  0.03021
SN: PSc550176   15 0.21940 0.22020 40.48867  0.21050  0.00000  0.03074
SN: PSc550197   15 0.24820 0.24940 40.31632  0.23640  0.00000  0.10184
SN: PSc550200   15 0.25400 0.25520 40.56243  0.21050  0.00000  0.05140
SN: PSc550202   15 0.42080 0.42200 41.87336  0.19890  0.00000  0.05188
SN: PSc550211   15 0.28050 0.28170 41.04871  0.20470  0.00000  0.04567
SN: PSc550218   15 0.38780 0.38900 41.60895  0.20960  0.00000  0.03879
SN: PSc550223   15 0.16450 0.16530 39.61692  0.24400  0.00000  0.15501
SN: PSc550225   15 0.21240 0.21360 40.10079  0.18780  0.00000  0.03535
SN: PSc550226   15 0.38220 0.38340 41.38122  0.15130  0.00000  0.01492
SN: PSc560033   15 0.08250 0.08370 37.66719  0.23700  0.00000  0.06292
SN: PSc560054   15 0.48030 0.48160 42.03863  0.15290  0.00000  0.01474
SN: PSc560075   15 0.34690 0.34810 41.39068  0.17200  0.00000  0.01605
SN: PSc560087   15 0.30820 0.30940 40.99318  0.17450  0.00000  0.02434
SN: PSc560106   15 0.27460 0.27500 40.59459  0.20860  0.00000  0.03213
SN: PSc560107   15 0.33770 0.33810 41.74567  0.28240  0.00000  0.01750
SN: PSc560113   15 0.21350 0.21480 41.32837 304.28100  0.00000  0.03213
SN: PSc560120   15 0.38680 0.38760 41.51710  0.14480  0.00000  0.02423
SN: PSc560121   15 0.36520 0.36600 41.54953  0.19510  0.00000  0.02543
SN: PSc560124   15 0.26890 0.26930 40.52873  0.15480  0.00000  0.00745
SN: PSc560134   15 0.10870 0.10914 39.65600 257.21410  0.00000  0.09964
SN: PSc560150   15 0.19930 0.20050 40.06297  0.12940  0.00000  0.01876
SN: PSc570007   15 0.11000 0.11133 40.08597 284.28060  0.00000  0.08502
SN: PSc570022   15 0.30180 0.30310 41.09972  0.18120  0.00000  0.02878
SN: PSc570024   15 0.18100 0.18140 40.71428  9.61700  0.00000  0.12512
SN: PSc570025   15 0.29880 0.30000 40.74812  0.20890  0.00000  0.01330
SN: PSc570036   15 0.34720 0.34760 41.85501  0.30240  0.00000  0.05789
SN: PSc570051   15 0.23000 0.23050 40.01353  0.13380  0.00000  0.02889
SN: PSc570062   15 0.12350 0.12480 38.90004  0.14050  0.00000  0.01155
SN: PSc570070   15 0.24910 0.25020 40.51701  0.17960  0.00000  0.02027
SN: PSc570077   15 0.22330 0.22376 40.17195  0.19520  0.00000  0.04270
SN: PSc570081   15 0.36860 0.36800 41.31410  0.14120  0.00000  0.02169
SN: PSc570083   15 0.30480 0.30560 41.06199  0.13320  0.00000  0.02030
SN: PSc580005   15 0.31920 0.32000 41.34298  0.18160  0.00000  0.02004
SN: PSc580006   15 0.19820 0.19900 40.33397  0.75440  0.00000  0.05707
SN: PSc580009   15 0.22390 0.22430 40.06649  0.15820  0.00000  0.01532
SN: PSc580010   15 0.32720 0.32800 41.27254  0.11820  0.00000  0.02984
SN: PSc580019   15 0.21180 0.21226 40.25760  0.15290  0.00000  0.01740
SN: PSc580024   15 0.55520 0.55600 42.52656  0.16840  0.00000  0.04189
SN: PSc580045   15 0.51300 0.51370 42.58804  0.19520  0.00000  0.00883
SN: PSc580072   15 0.22420 0.22300 39.79487  0.30440  0.00000  0.09450
SN: PSc580104   15 0.32240 0.32320 40.94869  0.13280  0.00000  0.01213
SN: PSc580118   15 0.33310 0.33390 41.24625  0.19210  0.00000  0.01100
SN: PSc580210   15 0.29760 0.29700 41.95451 205.87370  0.00000  0.11586
SN: PSc580235   15 0.33120 0.33000 41.09956  0.18250  0.00000  0.01590
SN: PSc580239   15 0.19300 0.19346 39.91910  0.18140  0.00000  0.03977
SN: PSc580263   15 0.35440 0.35320 41.40383  0.22610  0.00000  0.01584
SN: PSc580268   15 0.43020 0.43110 41.82742  0.24390  0.00000  0.02967
SN: PSc580270   15 0.29470 0.29420 41.09012  0.16290  0.00000  0.01109
SN: PSc580274   15 0.33000 0.32924 40.82506  0.12500  0.00000  0.04510
SN: PSc580275   15 0.38260 0.38300 41.46548  0.17810  0.00000  0.01785
SN: PSc580276   15 0.33860 0.33900 41.23499  0.14460  0.00000  0.03078
SN: PSc580279   15 0.33440 0.33488 41.10914  0.14350  0.00000  0.02134
SN: PSc580280   15 0.26100 0.26140 41.17249  2.09710  0.00000  0.01824
SN: PSc580284   15 0.26570 0.26619 41.05865  0.27380  0.00000  0.06462
SN: PSc580300   15 0.24070 0.24020 40.50965  0.15610  0.00000  0.01598
SN: PSc580311   15 0.25330 0.25410 40.26085  0.18870  0.00000  0.02223
SN: PSc580319   15 0.30740 0.30690 41.00095  0.16390  0.00000  0.01088
SN: PSc590002   15 0.19900 0.19780 40.00283  0.11540  0.00000  0.02346
SN: PSc590005   15 0.17490 0.17380 39.69039  0.17500  0.00000  0.01853
SN: PSc590031   15 0.37950 0.37830 41.50815  0.15950  0.00000  0.02109
SN: PSc590038   15 0.54920 0.54800 42.71646  0.19180  0.00000  0.07506
SN: PSc590062   15 0.40670 0.40560 41.74942  0.17950  0.00000  0.01106
SN: PSc590170   15 0.16390 0.16470 39.81182  0.35950  0.00000  0.05633
SN: PSc590177   15 0.33160 0.33110 41.10638  0.26010  0.00000  0.07330
SN: PSc590194   15 0.09020 0.08960 38.07750  0.15610  0.00000  0.03027
SN: PSc590248   15 0.31130 0.31070 41.07884  0.15420  0.00000  0.01501
