# zHD       = redshift in CMB frame with VPEC correction
# zHEL      = helio redshift (beware: no VPEC corr) 
# MU        = distance modulus corrected for bias and contamination
# MUERR     = stat-uncertainty on MU 
# MUERR_SYS = sqrt(COVSYS_DIAG) for 'ALL' sys (diagnostic)
# ISDATA_REAL: 1   # flag for cosmology fitter to choose blind option
#
VARNAMES: CID IDSURVEY zHD zHEL MU MUERR MUERR_VPEC MUERR_SYS
SN: 1000         1 0.12847 0.12947 39.20716  0.13240  0.00000  0.06972
SN: 10054        1 0.07753 0.07816 40.00658 283.69760  0.00000  0.10223
SN: 1008         1 0.22522 0.22616 40.16585  0.14830  0.00000  0.03551
SN: 10106        1 0.14698 0.14760 39.36815  0.30920  0.00000  0.05676
SN: 10113        1 0.17600 0.17650 40.40215 304.95100  0.00000  0.02632
SN: 10297        1 0.14709 0.14832 39.82176 293.53180  0.00000  0.07134
SN: 1032         1 0.12912 0.12976 38.84396  0.18400  0.00000  0.10479
SN: 10324        1 0.25057 0.25178 40.35474  0.18410  0.00000  0.04591
SN: 10434        1 0.10299 0.10416 38.45620  0.12670  0.00000  0.01825
SN: 10928        1 0.08074 0.08191 38.20920  0.49000  0.00000  0.12320
SN: 10976        1 0.09459 0.09561 39.13723  2.11830  0.00000  0.07062
SN: 11083        1 0.12088 0.12200 39.72365 316.14400  0.00000  0.10329
SN: 1112         1 0.25642 0.25763 40.64632  0.19850  0.00000  0.01383
SN: 11120        1 0.10613 0.10726 38.42754  0.14600  0.00000  0.03176
SN: 11172        1 0.13520 0.13630 39.44339 191.22240  0.00000  0.07161
SN: 11306        1 0.27307 0.27351 40.79281  0.22790  0.00000  0.02658
SN: 12308        1 0.27876 0.27999 40.86467  0.23550  0.00000  0.02558
SN: 1241         1 0.08862 0.08982 38.00810  0.16560  0.00000  0.05029
SN: 1253         1 0.26199 0.26311 40.50535  0.16410  0.00000  0.01800
SN: 12804        1 0.13264 0.13370 38.94904  0.21720  0.00000  0.03618
SN: 12852        1 0.26298 0.26400 40.77074  0.21960  0.00000  0.03479
SN: 12856        1 0.17049 0.17167 39.59143  0.14210  0.00000  0.02726
SN: 12860        1 0.12060 0.12172 38.81924  0.20170  0.00000  0.06557
SN: 12862        1 0.07718 0.07819 39.50432 255.44330  0.00000  0.04565
SN: 12874        1 0.24386 0.24508 40.31796  0.15350  0.00000  0.03561
SN: 12881        1 0.23700 0.23813 40.23490  0.18410  0.00000  0.01293
SN: 12883        1 0.30600 0.30700 40.71639  0.22500  0.00000  0.07979
SN: 12898        1 0.08262 0.08358 37.80268  0.23480  0.00000  0.05154
SN: 12907        1 0.13108 0.13211 38.87305  0.12720  0.00000  0.10070
SN: 12917        1 0.20157 0.20265 40.45352  0.19880  0.00000  0.05408
SN: 12924        1 0.25261 0.25368 40.27773  0.17250  0.00000  0.03139
SN: 12927        1 0.18905 0.18978 39.53809  0.15000  0.00000  0.03605
SN: 12930        1 0.14621 0.14717 39.41766  0.16340  0.00000  0.06337
SN: 12950        1 0.08151 0.08273 37.82515  0.20790  0.00000  0.04770
SN: 12964        1 0.21573 0.21670 40.13286  0.23200  0.00000  0.02960
SN: 12971        1 0.23412 0.23528 40.23831  0.19000  0.00000  0.03428
SN: 12972        1 0.25685 0.25800 40.62953  0.21120  0.00000  0.01217
SN: 12977        1 0.24671 0.24782 40.37956  0.17580  0.00000  0.01239
SN: 13016        1 0.24998 0.25096 40.69315  0.16980  0.00000  0.00881
SN: 13038        1 0.10277 0.10400 38.52123  0.16890  0.00000  0.05786
SN: 13044        1 0.12471 0.12590 38.80492  0.14410  0.00000  0.02466
SN: 13064        1 0.20341 0.20463 40.00352  0.21380  0.00000  0.02242
SN: 13070        1 0.19743 0.19864 39.91828  0.11130  0.00000  0.03228
SN: 13072        1 0.22945 0.23065 40.24648  0.17790  0.00000  0.01228
SN: 13099        1 0.26483 0.26603 40.85828  0.19150  0.00000  0.02311
SN: 13135        1 0.10349 0.10467 38.39513  0.14180  0.00000  0.06288
SN: 13152        1 0.20238 0.20354 39.71531  0.18200  0.00000  0.01832
SN: 1316         1 0.21591 0.21711 40.25621  0.20260  0.00000  0.01455
SN: 13224        1 0.23538 0.23600 40.32185  0.26050  0.00000  0.05320
SN: 13254        1 0.18001 0.18073 39.95291  0.25100  0.00000  0.02724
SN: 13305        1 0.21352 0.21469 40.07612  0.16990  0.00000  0.02282
SN: 13323        1 0.23154 0.23265 40.51475  0.18390  0.00000  0.01047
SN: 13334        1 0.24467 0.24578 40.78579  0.24710  0.00000  0.07722
SN: 13354        1 0.15668 0.15763 39.31924  0.18060  0.00000  0.05279
SN: 13411        1 0.16197 0.16300 39.42374  0.22980  0.00000  0.06559
SN: 1342         1 0.28211 0.28333 40.91871  0.21090  0.00000  0.01569
SN: 13432        1 0.22748 0.22854 40.22066  0.29800  0.00000  0.05130
SN: 13460        1 0.30971 0.31094 41.00544  0.14370  0.00000  0.02805
SN: 13476        1 0.27457 0.27578 41.10770  0.19480  0.00000  0.04675
SN: 13487        1 0.28801 0.28884 41.00840  0.16830  0.00000  0.04379
SN: 13506        1 0.24364 0.24462 40.53453  0.21710  0.00000  0.05703
SN: 13511        1 0.23675 0.23749 40.55544  0.13850  0.00000  0.03233
SN: 13520        1 0.26827 0.26934 40.60746  0.17270  0.00000  0.03281
SN: 13529        1 0.30143 0.30245 40.76133  0.18980  0.00000  0.03538
SN: 13578        1 0.22693 0.22800 40.13640  0.17630  0.00000  0.02669
SN: 13610        1 0.29718 0.29832 40.76431  0.13470  0.00000  0.01951
SN: 13641        1 0.20878 0.21000 40.02636  0.16500  0.00000  0.02417
SN: 13646        1 0.30424 0.30545 41.08178  0.15570  0.00000  0.03883
SN: 13647        1 0.24643 0.24763 40.41117  0.20740  0.00000  0.02779
SN: 13655        1 0.26187 0.26264 40.80293  0.18130  0.00000  0.04832
SN: 13677        1 0.30354 0.30467 41.15469  0.21700  0.00000  0.06073
SN: 13689        1 0.25063 0.25182 40.57386  0.12540  0.00000  0.04077
SN: 13703        1 0.23474 0.23552 40.34261  0.12550  0.00000  0.01109
SN: 1371         1 0.11812 0.11935 38.52538  0.11010  0.00000  0.03691
SN: 13727        1 0.22555 0.22661 40.20743  0.16130  0.00000  0.03220
SN: 13736        1 0.14903 0.15024 39.22721  0.17750  0.00000  0.03478
SN: 13757        1 0.28778 0.28900 40.82153  0.13820  0.00000  0.04150
SN: 13796        1 0.14749 0.14872 39.08112  0.16700  0.00000  0.03183
SN: 13813        1 0.23539 0.23646 40.40163  0.17630  0.00000  0.02026
SN: 13830        1 0.33029 0.33151 41.05423  0.13080  0.00000  0.05681
SN: 13835        1 0.24637 0.24754 40.46991  0.11320  0.00000  0.03664
SN: 13836        1 0.37319 0.37435 41.35059  0.12590  0.00000  0.10936
SN: 13840        1 0.24089 0.24190 40.00344  0.16060  0.00000  0.03247
SN: 13864        1 0.29966 0.30089 40.99749  0.12420  0.00000  0.04056
SN: 13894        1 0.11981 0.12100 38.84463  0.29420  0.00000  0.07426
SN: 13896        1 0.15611 0.15730 39.91176  0.25500  0.00000  0.05136
SN: 13904        1 0.21658 0.21775 40.30217  0.18980  0.00000  0.01330
SN: 13907        1 0.19608 0.19718 39.83213  0.18800  0.00000  0.03885
SN: 13908        1 0.23875 0.23984 40.57364  0.16950  0.00000  0.01056
SN: 13909        1 0.29224 0.29332 41.07111  0.13010  0.00000  0.04686
SN: 13934        1 0.32973 0.33095 41.54940  0.18890  0.00000  0.04173
SN: 1395         1 0.18520 0.18642 39.63768  0.19160  0.00000  0.03232
SN: 14019        1 0.21535 0.21640 40.50240  0.18650  0.00000  0.02276
SN: 14024        1 0.14493 0.14600 39.14640  0.21520  0.00000  0.08132
SN: 14074        1 0.26071 0.26193 40.83999  0.20530  0.00000  0.04222
SN: 14108        1 0.13250 0.13300 39.27333  0.19240  0.00000  0.03328
SN: 14113        1 0.24149 0.24243 40.05532  0.21660  0.00000  0.06684
SN: 14147        1 0.27338 0.27422 40.81084  0.16850  0.00000  0.06003
SN: 1415         1 0.21074 0.21191 39.94846  0.22390  0.00000  0.03372
SN: 14157        1 0.21094 0.21150 39.86894  0.17980  0.00000  0.02555
SN: 14186        1 0.31199 0.31320 40.89604  0.14800  0.00000  0.04467
SN: 14205        1 0.25261 0.25368 40.27773  0.17250  0.00000  0.03139
SN: 14212        1 0.20332 0.20449 39.97044  0.15960  0.00000  0.02823
SN: 14261        1 0.28469 0.28584 40.62157  0.14550  0.00000  0.02204
SN: 14298        1 0.26097 0.26200 40.63611  0.15390  0.00000  0.02762
SN: 14311        1 0.33501 0.33606 41.40720  0.14890  0.00000  0.06160
SN: 14317        1 0.17996 0.18100 39.45324  0.18030  0.00000  0.03161
SN: 14331        1 0.22004 0.22119 40.31731  0.17810  0.00000  0.01372
SN: 14343        1 0.34186 0.34305 41.03881  0.09640  0.00000  0.06261
SN: 14346        1 0.21213 0.21328 41.05514  0.31430  0.00000  0.04235
SN: 14375        1 0.32242 0.32321 40.90428  0.09830  0.00000  0.06781
SN: 14377        1 0.13880 0.13941 39.31549  0.18050  0.00000  0.04578
SN: 14389        1 0.23185 0.23281 40.61599  0.26500  0.00000  0.09084
SN: 14437        1 0.14811 0.14928 39.10914  0.13950  0.00000  0.01976
SN: 14438        1 0.29631 0.29753 40.86872  0.14630  0.00000  0.04782
SN: 14444        1 0.24470 0.24590 40.56992  0.13820  0.00000  0.02574
SN: 14451        1 0.17805 0.17900 39.54462  0.13840  0.00000  0.01348
SN: 14456        1 0.32842 0.32965 41.15781  0.11560  0.00000  0.04179
SN: 14481        1 0.24239 0.24358 40.63242  0.14810  0.00000  0.02964
SN: 14498        1 0.34506 0.34618 41.35919  0.12070  0.00000  0.07970
SN: 14524        1 0.27148 0.27221 40.93471  0.15390  0.00000  0.02231
SN: 14525        1 0.15329 0.15437 39.30565  0.29220  0.00000  0.06836
SN: 14540        1 0.26853 0.26935 40.71644  0.13330  0.00000  0.02287
SN: 14545        1 0.27616 0.27739 40.74150  0.13550  0.00000  0.04193
SN: 14589        1 0.26939 0.27000 40.97882  0.19570  0.00000  0.08211
SN: 14593        1 0.30673 0.30721 40.93029  0.14650  0.00000  0.08090
SN: 1461         1 0.34014 0.34113 41.30622  0.11330  0.00000  0.05782
SN: 14638        1 0.27584 0.27705 41.37596  0.21830  0.00000  0.02183
SN: 14735        1 0.29962 0.30046 40.85901  0.14070  0.00000  0.05365
SN: 14750        1 0.21405 0.21490 40.15155  0.20010  0.00000  0.01999
SN: 14784        1 0.19122 0.19234 40.01031  0.19680  0.00000  0.03985
SN: 14816        1 0.10602 0.10722 38.30136  0.15810  0.00000  0.04392
SN: 14846        1 0.22362 0.22478 40.25848  0.13100  0.00000  0.01999
SN: 14871        1 0.11851 0.11900 38.86115  0.14320  0.00000  0.04731
SN: 14965        1 0.27995 0.28100 40.65974  0.14650  0.00000  0.03437
SN: 14979        1 0.17662 0.17710 39.58075  0.13210  0.00000  0.01050
SN: 14984        1 0.18298 0.18400 39.84559  0.23030  0.00000  0.02929
SN: 15002        1 0.36098 0.36200 41.26762  0.15130  0.00000  0.06219
SN: 1504         1 0.31655 0.31730 41.26890  0.13860  0.00000  0.03941
SN: 15057        1 0.24578 0.24684 40.65778  0.21220  0.00000  0.07513
SN: 15101        1 0.18083 0.18194 40.52183  6.38670  0.00000  0.07752
SN: 15129        1 0.19720 0.19828 39.86701  0.12270  0.00000  0.02379
SN: 15132        1 0.15322 0.15439 39.30343  0.13420  0.00000  0.03254
SN: 15136        1 0.14742 0.14865 39.09837  0.17800  0.00000  0.05211
SN: 15137        1 0.27774 0.27896 40.88900  0.13990  0.00000  0.03716
SN: 15161        1 0.24876 0.24959 40.38596  0.19380  0.00000  0.01163
SN: 15171        1 0.13831 0.13920 39.07929  0.14190  0.00000  0.02572
SN: 15198        1 0.28858 0.28942 40.82708  0.11280  0.00000  0.01627
SN: 15201        1 0.20761 0.20882 40.33011  0.23620  0.00000  0.05125
SN: 15203        1 0.20333 0.20442 39.93077  0.17790  0.00000  0.02547
SN: 15210        1 0.12473 0.12596 39.29940  0.27530  0.00000  0.08846
SN: 15213        1 0.30648 0.30700 41.07308  0.08060  0.00000  0.02831
SN: 15219        1 0.24667 0.24751 40.48425  0.12120  0.00000  0.01231
SN: 15221        1 0.15135 0.15182 40.48549 210.80200  0.00000  0.03199
SN: 15222        1 0.19824 0.19943 39.84835  0.15400  0.00000  0.04363
SN: 15229        1 0.22282 0.22400 40.30940  0.15340  0.00000  0.01726
SN: 15234        1 0.13532 0.13639 39.34282  0.19520  0.00000  0.05883
SN: 15254        1 0.20199 0.20300 40.11430  0.20030  0.00000  0.01884
SN: 15259        1 0.21079 0.21200 39.93592  0.17440  0.00000  0.01623
SN: 15260        1 0.25254 0.25375 40.42876  0.16600  0.00000  0.04539
SN: 15268        1 0.29735 0.29856 40.94300  0.15820  0.00000  0.02337
SN: 15272        1 0.27897 0.28020 40.64963  0.15020  0.00000  0.03101
SN: 15287        1 0.23652 0.23764 40.53626  0.11770  0.00000  0.02936
SN: 15301        1 0.17879 0.17991 39.69351  0.17990  0.00000  0.03357
SN: 15303        1 0.23317 0.23440 40.56387  0.17010  0.00000  0.01082
SN: 15324        1 0.39189 0.39277 41.75513  0.18460  0.00000  0.08270
SN: 15347        1 0.26896 0.27009 40.51426  0.15370  0.00000  0.02823
SN: 15354        1 0.22094 0.22210 40.08170  0.21930  0.00000  0.11459
SN: 15356        1 0.27366 0.27486 40.65975  0.13970  0.00000  0.01658
SN: 15359        1 0.31077 0.31200 40.86247  0.13690  0.00000  0.03767
SN: 15365        1 0.18678 0.18800 39.89816  0.12050  0.00000  0.02248
SN: 15366        1 0.29592 0.29706 40.95410  0.20820  0.00000  0.07197
SN: 15369        1 0.23077 0.23200 39.91010  0.14070  0.00000  0.01543
SN: 15383        1 0.31518 0.31603 41.13954  0.15070  0.00000  0.03512
SN: 15419        1 0.27672 0.27777 40.71607  0.15310  0.00000  0.01707
SN: 15421        1 0.18458 0.18544 39.82197  0.16700  0.00000  0.02391
SN: 15425        1 0.15942 0.15989 39.24152  0.13110  0.00000  0.03548
SN: 15428        1 0.38254 0.38331 41.75438  0.14290  0.00000  0.05532
SN: 15433        1 0.21964 0.22074 40.19843  0.12370  0.00000  0.01281
SN: 15440        1 0.26151 0.26227 40.51995  0.15490  0.00000  0.02573
SN: 15443        1 0.18133 0.18191 39.68066  0.11250  0.00000  0.04748
SN: 1545         1 0.09777 0.09887 39.15813 98.66610  0.00000  0.11246
SN: 15453        1 0.17392 0.17500 39.80787  0.17910  0.00000  0.03315
SN: 15456        1 0.38092 0.38210 41.33036  0.17860  0.00000  0.07917
SN: 15459        1 0.12557 0.12678 39.21846  0.26740  0.00000  0.05350
SN: 15461        1 0.18508 0.18622 39.72376  0.11340  0.00000  0.01369
SN: 15466        1 0.24509 0.24615 40.36735  0.15810  0.00000  0.02318
SN: 15467        1 0.20935 0.21043 39.95974  0.12690  0.00000  0.02659
SN: 15483        1 0.31545 0.31654 41.08716  0.21010  0.00000  0.05881
SN: 15496        1 0.23322 0.23438 40.35736  0.13930  0.00000  0.02299
SN: 15498        1 0.21456 0.21560 40.04928  0.30040  0.00000  0.04040
SN: 15504        1 0.26861 0.26983 40.79707  0.20000  0.00000  0.04859
SN: 15508        1 0.13369 0.13464 38.89787  0.15010  0.00000  0.03128
SN: 15511        1 0.25423 0.25489 40.65560  0.19180  0.00000  0.02178
SN: 15535        1 0.19963 0.20082 40.19818  0.18690  0.00000  0.05538
SN: 15584        1 0.28355 0.28425 40.81661  0.12690  0.00000  0.03675
SN: 15587        1 0.21835 0.21885 40.23508  0.13580  0.00000  0.01594
SN: 15640        1 0.16559 0.16670 40.06662 176.09800  0.00000  0.02702
SN: 15648        1 0.17400 0.17502 39.63496  0.19780  0.00000  0.06405
SN: 15663        1 0.29108 0.29229 40.80823  0.16560  0.00000  0.02602
SN: 15674        1 0.19678 0.19800 40.16559  0.14310  0.00000  0.01993
SN: 15675        1 0.23351 0.23474 40.49338  0.14890  0.00000  0.01523
SN: 15719        1 0.26795 0.26875 40.63243  0.13970  0.00000  0.03596
SN: 15748        1 0.15549 0.15610 39.29847  0.16050  0.00000  0.05820
SN: 15765        1 0.30427 0.30514 41.08196  0.16940  0.00000  0.04819
SN: 15772        1 0.23984 0.24093 41.49210  9.41140  0.00000  0.01237
SN: 15776        1 0.31609 0.31696 41.07416  0.13710  0.00000  0.07400
SN: 15779        1 0.26140 0.26263 41.17452  3.22320  0.00000  0.03188
SN: 15784        1 0.27636 0.27757 40.67960  0.14610  0.00000  0.01665
SN: 1580         1 0.18334 0.18400 39.66676  0.13340  0.00000  0.03230
SN: 15807        1 0.20843 0.20935 41.03695 28.47900  0.00000  0.04896
SN: 15814        1 0.37029 0.37121 41.49466  0.14600  0.00000  0.06268
SN: 15829        1 0.24778 0.24889 40.96084  0.24370  0.00000  0.02236
SN: 15850        1 0.24973 0.25093 40.55089  0.11750  0.00000  0.02166
SN: 15866        1 0.18883 0.19004 39.90901  0.18150  0.00000  0.03111
SN: 15868        1 0.25007 0.25085 40.48807  0.11170  0.00000  0.01889
SN: 15872        1 0.20568 0.20649 39.88389  0.14630  0.00000  0.01727
SN: 15892        1 0.18301 0.18412 39.64895  0.21670  0.00000  0.07126
SN: 15897        1 0.17382 0.17494 39.61497  0.15100  0.00000  0.07699
SN: 15901        1 0.20396 0.20485 39.98764  0.14610  0.00000  0.01951
SN: 15928        1 0.19102 0.19218 40.67311 160.35080  0.00000  0.03600
SN: 15941        1 0.32484 0.32602 41.06527  0.16340  0.00000  0.05332
SN: 15998        1 0.33993 0.34096 41.34548  0.14900  0.00000  0.06150
SN: 16021        1 0.12352 0.12463 38.71150  0.15700  0.00000  0.03230
SN: 16032        1 0.20332 0.20400 39.92783  0.14170  0.00000  0.03272
SN: 16054        1 0.31025 0.31146 41.20056  0.32660  0.00000  0.03878
SN: 16069        1 0.12755 0.12877 38.87335  0.20590  0.00000  0.06452
SN: 16072        1 0.28471 0.28589 40.77715  0.14370  0.00000  0.01380
SN: 16073        1 0.15359 0.15474 39.42360  0.18590  0.00000  0.03154
SN: 16091        1 0.30002 0.30060 40.97783  0.17640  0.00000  0.04308
SN: 16093        1 0.33482 0.33605 41.26645  0.15030  0.00000  0.04987
SN: 16099        1 0.19610 0.19706 39.99236  0.15580  0.00000  0.05519
SN: 16100        1 0.19410 0.19500 39.85113  0.20810  0.00000  0.03647
SN: 16103        1 0.20140 0.20240 39.85414  0.15020  0.00000  0.05591
SN: 16105        1 0.13856 0.13964 39.56157 198.12570  0.00000  0.05657
SN: 16106        1 0.25002 0.25120 40.43795  0.13550  0.00000  0.01241
SN: 16116        1 0.15529 0.15650 39.37768  0.14580  0.00000  0.01654
SN: 16152        1 0.27136 0.27200 40.68676  0.17240  0.00000  0.05566
SN: 16165        1 0.15610 0.15700 39.33644  0.16240  0.00000  0.02730
SN: 16185        1 0.10031 0.10139 38.24949  0.24940  0.00000  0.12409
SN: 16199        1 0.28122 0.28241 40.67135  0.17570  0.00000  0.03657
SN: 16200        1 0.08932 0.09048 39.52316 13.57130  0.00000  0.06318
SN: 16213        1 0.24885 0.25000 40.46753  0.13940  0.00000  0.00701
SN: 16237        1 0.31219 0.31320 41.03896  0.11720  0.00000  0.06160
SN: 16241        1 0.09637 0.09756 39.05532 273.45710  0.00000  0.11690
SN: 16276        1 0.19196 0.19300 39.84487  0.18120  0.00000  0.02673
SN: 16281        1 0.18531 0.18653 39.66393  0.15420  0.00000  0.02284
SN: 16287        1 0.10680 0.10744 38.40797  0.13780  0.00000  0.06518
SN: 16298        1 0.28161 0.28279 41.05256  0.23460  0.00000  0.04339
SN: 16302        1 0.23076 0.23194 40.07307  0.13360  0.00000  0.01266
SN: 16350        1 0.23713 0.23825 40.32706  0.14400  0.00000  0.02393
SN: 16393        1 0.31531 0.31645 40.61729  0.14380  0.00000  0.05611
SN: 16405        1 0.27451 0.27573 40.46238  0.17490  0.00000  0.02737
SN: 16408        1 0.26568 0.26670 41.10608  0.24330  0.00000  0.03083
SN: 16412        1 0.09679 0.09798 40.46007 208.06420  0.00000  0.10381
SN: 16462        1 0.24354 0.24461 40.24659  0.16170  0.00000  0.03507
SN: 16466        1 0.18655 0.18762 40.40895  0.53600  0.00000  0.06897
SN: 16467        1 0.22003 0.22119 40.10044  0.17680  0.00000  0.04526
SN: 16472        1 0.30900 0.31001 41.02155  0.15760  0.00000  0.03782
SN: 16578        1 0.17379 0.17470 39.31886  0.28910  0.00000  0.03229
SN: 1658         1 0.27609 0.27730 40.90809  0.17350  0.00000  0.01924
SN: 16606        1 0.22454 0.22576 40.46981  0.27790  0.00000  0.03049
SN: 16618        1 0.19211 0.19313 39.75001  0.16240  0.00000  0.02116
SN: 16668        1 0.15105 0.15180 39.52566  0.33240  0.00000  0.02924
SN: 16739        1 0.26459 0.26569 40.97496  0.14830  0.00000  0.03900
SN: 17168        1 0.18397 0.18518 39.89627  0.17280  0.00000  0.02496
SN: 17169        1 0.21934 0.22056 40.07821  0.16240  0.00000  0.01446
SN: 17170        1 0.21900 0.22000 40.23091  0.23330  0.00000  0.01719
SN: 17186        1 0.07856 0.07944 37.93590  0.26930  0.00000  0.06619
SN: 17205        1 0.19151 0.19233 39.84793  0.22440  0.00000  0.02266
SN: 17208        1 0.13880 0.14000 39.34424  0.15330  0.00000  0.03155
SN: 17215        1 0.18088 0.18136 39.72190  0.17560  0.00000  0.02761
SN: 17218        1 0.17717 0.17839 39.62096  0.14060  0.00000  0.03976
SN: 17219        1 0.19310 0.19428 39.75573  0.12930  0.00000  0.02979
SN: 17220        1 0.17794 0.17908 39.42765  0.20190  0.00000  0.08142
SN: 17254        1 0.26767 0.26883 40.06463  0.20650  0.00000  0.07308
SN: 17274        1 0.19489 0.19610 39.99333  0.30640  0.00000  0.04879
SN: 17340        1 0.25644 0.25717 40.50563  0.15500  0.00000  0.00819
SN: 17366        1 0.13825 0.13929 39.01771  0.11280  0.00000  0.02650
SN: 17374        1 0.25098 0.25205 40.44270  0.18990  0.00000  0.01169
SN: 17389        1 0.16976 0.17087 39.76833  0.27540  0.00000  0.03303
SN: 1740         1 0.16648 0.16765 39.43803  0.13270  0.00000  0.03808
SN: 17401        1 0.27901 0.28024 40.64161  0.24760  0.00000  0.01621
SN: 17408        1 0.23921 0.24026 40.48373  0.21780  0.00000  0.01658
SN: 17422        1 0.13978 0.14100 40.29304  1.91910  0.00000  0.03377
SN: 17433        1 0.28681 0.28799 40.87477  0.24370  0.00000  0.04390
SN: 17434        1 0.17772 0.17878 39.83181  0.19120  0.00000  0.04929
SN: 17435        1 0.21696 0.21800 40.16254  0.14360  0.00000  0.01894
SN: 1744         1 0.18830 0.18952 40.62596 271.98880  0.00000  0.03750
SN: 17464        1 0.24584 0.24700 40.10575  0.20060  0.00000  0.01498
SN: 17473        1 0.16929 0.17041 40.21112  0.32940  0.00000  0.06988
SN: 17497        1 0.14403 0.14484 39.15838  0.16200  0.00000  0.03754
SN: 1750         1 0.25880 0.26002 40.88383  0.25000  0.00000  0.05422
SN: 17541        1 0.26684 0.26797 40.71215  0.20820  0.00000  0.02002
SN: 17552        1 0.25226 0.25336 40.65669  0.15210  0.00000  0.03592
SN: 17568        1 0.13699 0.13800 39.47526  0.30420  0.00000  0.05314
SN: 17627        1 0.06841 0.06960 38.74186 312.50430  0.00000  0.09800
SN: 17629        1 0.13591 0.13682 38.90918  0.17430  0.00000  0.04364
SN: 17647        1 0.27376 0.27461 40.72900  0.14740  0.00000  0.06255
SN: 17746        1 0.15582 0.15700 40.05036  0.74850  0.00000  0.08427
SN: 17748        1 0.17846 0.17960 39.94093  0.28230  0.00000  0.04139
SN: 1775         1 0.30281 0.30388 41.34300  0.24150  0.00000  0.03196
SN: 17790        1 0.17717 0.17800 40.25770  0.22490  0.00000  0.05175
SN: 17791        1 0.27782 0.27900 41.22414  0.22920  0.00000  0.02235
SN: 17800        1 0.21601 0.21700 40.28576  0.31880  0.00000  0.05782
SN: 17801        1 0.20536 0.20640 40.22116  0.19840  0.00000  0.02853
SN: 17809        1 0.28780 0.28896 40.79161  0.16580  0.00000  0.06657
SN: 17811        1 0.19889 0.20000 39.92583  0.15370  0.00000  0.02396
SN: 17820        1 0.33948 0.34056 41.16770  0.13510  0.00000  0.03873
SN: 17825        1 0.16013 0.16100 39.43598  0.14900  0.00000  0.02773
SN: 17875        1 0.23134 0.23237 40.44112  0.13840  0.00000  0.02984
SN: 17880        1 0.07200 0.07267 37.52931  0.18850  0.00000  0.08439
SN: 17882        1 0.20052 0.20162 40.04724  0.16160  0.00000  0.03010
SN: 17884        1 0.23805 0.23900 40.28520  0.14270  0.00000  0.01590
SN: 17899        1 0.28760 0.28882 40.68628  0.19150  0.00000  0.03705
SN: 17928        1 0.19620 0.19741 39.78389  0.21780  0.00000  0.03739
SN: 1794         1 0.14171 0.14277 39.25671  0.21060  0.00000  0.04547
SN: 17949        1 0.26323 0.26416 40.67122  0.21940  0.00000  0.05785
SN: 17958        1 0.27513 0.27597 40.96578  0.18570  0.00000  0.03708
SN: 17973        1 0.14675 0.14797 38.97904  0.11860  0.00000  0.01078
SN: 18030        1 0.15533 0.15650 39.40132  0.19670  0.00000  0.04467
SN: 18049        1 0.28745 0.28862 40.86770  0.19120  0.00000  0.02951
SN: 18083        1 0.28853 0.28934 40.76664  0.23550  0.00000  0.07268
SN: 18189        1 0.28509 0.28588 40.88770  0.23790  0.00000  0.03773
SN: 18201        1 0.29241 0.29303 40.90495  0.18770  0.00000  0.02635
SN: 18221        1 0.29271 0.29394 40.74326  0.21160  0.00000  0.16523
SN: 18241        1 0.09400 0.09500 38.32302  0.13870  0.00000  0.05130
SN: 18253        1 0.27942 0.28064 40.83180  0.23230  0.00000  0.06460
SN: 18273        1 0.31503 0.31622 41.26853  0.20260  0.00000  0.05604
SN: 18276        1 0.28335 0.28457 40.72950  0.20180  0.00000  0.04655
SN: 18283        1 0.29835 0.29911 40.95807  0.19310  0.00000  0.14063
SN: 18304        1 0.25765 0.25884 40.50765  0.21230  0.00000  0.01302
SN: 18323        1 0.15289 0.15408 39.40515  0.15760  0.00000  0.02707
SN: 18324        1 0.26576 0.26692 40.80909  0.21470  0.00000  0.03437
SN: 18325        1 0.25754 0.25869 40.63375  0.13670  0.00000  0.01625
SN: 18333        1 0.25298 0.25403 40.51775  0.24000  0.00000  0.03834
SN: 18339        1 0.34506 0.34595 41.28976  0.15350  0.00000  0.06555
SN: 18362        1 0.23521 0.23635 40.41840  0.17700  0.00000  0.02135
SN: 18374        1 0.31864 0.31983 40.92357  0.15170  0.00000  0.03427
SN: 18375        1 0.10941 0.11053 38.27524  0.16640  0.00000  0.04638
SN: 18415        1 0.12958 0.13079 38.89391  0.11830  0.00000  0.06422
SN: 18451        1 0.38704 0.38800 41.71952  0.14870  0.00000  0.05416
SN: 18456        1 0.21902 0.21993 39.91520  0.19390  0.00000  0.01313
SN: 18463        1 0.26720 0.26827 40.62465  0.15860  0.00000  0.02482
SN: 18466        1 0.21239 0.21300 40.08134  0.18110  0.00000  0.01860
SN: 18485        1 0.27839 0.27900 40.70031  0.14260  0.00000  0.03642
SN: 18486        1 0.24552 0.24600 40.25190  0.13250  0.00000  0.02574
SN: 18604        1 0.17504 0.17626 39.72488  0.18690  0.00000  0.06866
SN: 18610        1 0.12790 0.12912 39.77181 230.38860  0.00000  0.05685
SN: 18612        1 0.11381 0.11493 38.49817  0.16010  0.00000  0.05069
SN: 18647        1 0.21159 0.21270 40.31466  0.16960  0.00000  0.01940
SN: 18650        1 0.11259 0.11374 38.76917  0.14520  0.00000  0.03891
SN: 18651        1 0.24781 0.24900 40.54618  0.16760  0.00000  0.02352
SN: 18697        1 0.10653 0.10766 38.44579  0.14600  0.00000  0.05109
SN: 18704        1 0.33084 0.33196 41.09038  0.12120  0.00000  0.04211
SN: 18709        1 0.09864 0.09984 39.87138 172.44350  0.00000  0.09408
SN: 18740        1 0.15334 0.15441 39.29394  0.13640  0.00000  0.02232
SN: 18749        1 0.18950 0.19061 39.79042  0.17870  0.00000  0.04925
SN: 18767        1 0.32903 0.33021 41.05095  0.18120  0.00000  0.08279
SN: 18768        1 0.19692 0.19800 40.06780  0.17140  0.00000  0.02844
SN: 18771        1 0.24983 0.25100 40.91195  0.17420  0.00000  0.04023
SN: 18787        1 0.18931 0.19023 40.11834  0.22080  0.00000  0.02226
SN: 18804        1 0.19745 0.19843 39.77216  0.14510  0.00000  0.02546
SN: 18807        1 0.17636 0.17700 39.84852  0.13880  0.00000  0.02630
SN: 18809        1 0.13162 0.13219 38.92643  0.11120  0.00000  0.03841
SN: 18835        1 0.12268 0.12319 38.79908  0.13900  0.00000  0.03784
SN: 18851        1 0.29221 0.29284 40.96358  0.20570  0.00000  0.03125
SN: 18855        1 0.12723 0.12783 38.96676  0.12460  0.00000  0.03724
SN: 18909        1 0.22681 0.22798 40.36261  0.11620  0.00000  0.03168
SN: 18927        1 0.21336 0.21400 40.09472  0.17850  0.00000  0.02357
SN: 18945        1 0.27793 0.27907 40.91405  0.15830  0.00000  0.01765
SN: 18965        1 0.20481 0.20592 39.98711  0.11940  0.00000  0.01493
SN: 18971        1 0.27049 0.27139 40.86138  0.18440  0.00000  0.04642
SN: 19000        1 0.28519 0.28598 40.71131  0.13410  0.00000  0.02694
SN: 19002        1 0.27029 0.27100 40.65576  0.11350  0.00000  0.01876
SN: 19008        1 0.21782 0.21900 40.17630  0.17250  0.00000  0.03415
SN: 19027        1 0.29146 0.29262 40.59534  0.16410  0.00000  0.02664
SN: 19101        1 0.18585 0.18700 39.73673  0.16180  0.00000  0.02905
SN: 19128        1 0.28578 0.28700 40.95929  0.16560  0.00000  0.03243
SN: 19149        1 0.21040 0.21129 39.52834  0.17510  0.00000  0.02069
SN: 19155        1 0.07671 0.07760 37.83990  0.10580  0.00000  0.07255
SN: 19174        1 0.16517 0.16614 39.40964  0.17300  0.00000  0.03717
SN: 19205        1 0.33350 0.33460 41.26362  0.14720  0.00000  0.09349
SN: 19207        1 0.25751 0.25870 40.64521  0.19330  0.00000  0.01519
SN: 19220        1 0.20178 0.20300 39.78646  0.20520  0.00000  0.01817
SN: 19230        1 0.22031 0.22150 40.01965  0.20430  0.00000  0.04101
SN: 19274        1 0.25342 0.25464 40.83155  0.23090  0.00000  0.04456
SN: 19282        1 0.17580 0.17700 39.62822  0.15440  0.00000  0.03430
SN: 19341        1 0.23563 0.23672 40.38977  0.15760  0.00000  0.03215
SN: 19347        1 0.25816 0.25906 40.79123  0.14990  0.00000  0.03196
SN: 19353        1 0.15340 0.15411 39.38114  0.16870  0.00000  0.04138
SN: 19402        1 0.18105 0.18150 39.54396  0.13260  0.00000  0.02455
SN: 19428        1 0.08924 0.09032 39.78225 300.91180  0.00000  0.07854
SN: 19543        1 0.12179 0.12300 38.95832  0.15770  0.00000  0.04597
SN: 19545        1 0.30794 0.30911 40.82375  0.15830  0.00000  0.06096
SN: 19596        1 0.29150 0.29200 40.93374  0.17170  0.00000  0.03244
SN: 19616        1 0.16468 0.16549 39.42119  0.12820  0.00000  0.01965
SN: 19625        1 0.30408 0.30492 41.28232  0.16610  0.00000  0.03992
SN: 19632        1 0.31400 0.31475 41.20318  0.13760  0.00000  0.03002
SN: 19652        1 0.24478 0.24601 40.48685  0.23470  0.00000  0.08193
SN: 19658        1 0.19885 0.20000 39.94167  0.14180  0.00000  0.01512
SN: 19668        1 0.40596 0.40718 41.72805  0.10260  0.00000  0.10053
SN: 19701        1 0.13429 0.13501 39.38782  0.48940  0.00000  0.06399
SN: 19702        1 0.26838 0.26900 40.75142  0.23310  0.00000  0.03266
SN: 19723        1 0.25423 0.25544 40.66780  0.17330  0.00000  0.02151
SN: 19757        1 0.21776 0.21899 40.51395  0.25320  0.00000  0.02859
SN: 19769        1 0.25134 0.25256 40.43224  0.19760  0.00000  0.08775
SN: 19772        1 0.17406 0.17517 39.26061  0.20390  0.00000  0.06724
SN: 19794        1 0.29607 0.29728 41.12288  0.20540  0.00000  0.08420
SN: 19818        1 0.30423 0.30506 40.82616  0.15510  0.00000  0.03813
SN: 19821        1 0.26479 0.26601 40.71603  0.16800  0.00000  0.02078
SN: 19899        1 0.09018 0.09140 37.99225  0.14610  0.00000  0.03791
SN: 19908        1 0.23448 0.23557 40.20176  0.14890  0.00000  0.01130
SN: 19913        1 0.20581 0.20700 40.05873  0.15230  0.00000  0.02016
SN: 19940        1 0.14597 0.14700 38.91871  0.22910  0.00000  0.03933
SN: 19953        1 0.12204 0.12323 38.73102  0.14300  0.00000  0.04299
SN: 19969        1 0.17436 0.17524 39.54346  0.15070  0.00000  0.02694
SN: 19992        1 0.22479 0.22600 40.44180  0.20980  0.00000  0.01243
SN: 20033        1 0.25247 0.25347 40.47451  0.16190  0.00000  0.03045
SN: 20039        1 0.24571 0.24685 40.50215  0.15400  0.00000  0.02030
SN: 20040        1 0.28692 0.28808 40.71687  0.17080  0.00000  0.03094
SN: 20046        1 0.26289 0.26399 40.63509  0.16770  0.00000  0.03449
SN: 20064        1 0.10367 0.10487 38.28297  0.18080  0.00000  0.05507
SN: 20084        1 0.13848 0.13971 39.06833  0.28080  0.00000  0.05501
SN: 20088        1 0.24353 0.24464 40.29823  0.10140  0.00000  0.00770
SN: 20097        1 0.22001 0.22100 40.06632  0.21410  0.00000  0.02044
SN: 20104        1 0.17723 0.17829 40.45683 319.61860  0.00000  0.03006
SN: 20106        1 0.33177 0.33300 41.30157  0.16120  0.00000  0.06889
SN: 20111        1 0.24301 0.24423 40.50523  0.17000  0.00000  0.00965
SN: 20125        1 0.16526 0.16624 39.40887  0.17340  0.00000  0.03716
SN: 20142        1 0.31499 0.31600 40.73466  0.12590  0.00000  0.04054
SN: 20144        1 0.21889 0.22000 40.12629  0.17770  0.00000  0.01658
SN: 2017         1 0.26197 0.26314 40.85007  0.18450  0.00000  0.05186
SN: 20171        1 0.36670 0.36789 41.57927  0.12230  0.00000  0.05808
SN: 20245        1 0.28757 0.28879 40.73700  0.18930  0.00000  0.03287
SN: 20278        1 0.33358 0.33438 41.10430  0.12500  0.00000  0.04390
SN: 2031         1 0.15201 0.15300 39.12949  0.14010  0.00000  0.01793
SN: 20376        1 0.20955 0.21062 39.76519  0.20860  0.00000  0.03928
SN: 2041         1 0.20876 0.20985 40.28316  0.23550  0.00000  0.04112
SN: 20428        1 0.12138 0.12223 39.52086 153.77190  0.00000  0.09505
SN: 20430        1 0.16300 0.16400 39.54243  0.26000  0.00000  0.06507
SN: 20467        1 0.26990 0.27094 40.79901  0.16290  0.00000  0.01786
SN: 20528        1 0.13505 0.13575 38.92373  0.18570  0.00000  0.04789
SN: 20533        1 0.30147 0.30200 40.77004  0.16590  0.00000  0.02744
SN: 20545        1 0.18829 0.18946 39.78562  0.26540  0.00000  0.05607
SN: 2057         1 0.21110 0.21219 40.04865  0.19130  0.00000  0.04158
SN: 20575        1 0.19760 0.19873 39.69179  0.18440  0.00000  0.02898
SN: 20581        1 0.20358 0.20479 39.90830  0.15300  0.00000  0.01783
SN: 20721        1 0.21067 0.21178 40.26442  0.24260  0.00000  0.04204
SN: 20791        1 0.33554 0.33660 41.32360  0.13730  0.00000  0.05366
SN: 2081         1 0.25046 0.25166 40.70592  0.21190  0.00000  0.03312
SN: 20870        1 0.26646 0.26756 41.08349  0.24620  0.00000  0.03831
SN: 20882        1 0.31312 0.31420 41.28778  0.16280  0.00000  0.02922
SN: 20909        1 0.16123 0.16218 40.32710 173.10960  0.00000  0.03667
SN: 20971        1 0.29957 0.30050 41.09486  0.22480  0.00000  0.10299
SN: 21006        1 0.29038 0.29100 40.71854  0.15870  0.00000  0.01856
SN: 2102         1 0.09410 0.09510 38.19238  0.13560  0.00000  0.04816
SN: 21034        1 0.10762 0.10856 38.50963  0.21940  0.00000  0.03971
SN: 21042        1 0.31097 0.31200 40.83228  0.18580  0.00000  0.06671
SN: 21062        1 0.13745 0.13864 39.31466  0.25690  0.00000  0.04641
SN: 2149         1 0.29446 0.29553 41.24117  0.18290  0.00000  0.02261
SN: 21502        1 0.08794 0.08916 37.97844  0.14200  0.00000  0.02763
SN: 21510        1 0.14856 0.14972 39.07326  0.14550  0.00000  0.09077
SN: 2162         1 0.17161 0.17270 39.49119  0.15730  0.00000  0.05372
SN: 2165         1 0.28693 0.28800 40.99694  0.15050  0.00000  0.01679
SN: 21709        1 0.15786 0.15900 40.04922 233.74050  0.00000  0.06060
SN: 21810        1 0.17381 0.17500 39.50946  0.23200  0.00000  0.05463
SN: 22075        1 0.12913 0.13005 38.85356  0.16510  0.00000  0.05503
SN: 2246         1 0.19433 0.19490 39.84343  0.22310  0.00000  0.02066
SN: 2319         1 0.15923 0.15970 39.32182  0.15210  0.00000  0.02343
SN: 2330         1 0.21220 0.21337 40.52055  0.22900  0.00000  0.05340
SN: 2372         1 0.17977 0.18051 39.67957  0.15290  0.00000  0.02614
SN: 2422         1 0.26381 0.26500 40.69471  0.13680  0.00000  0.03174
SN: 2440         1 0.19040 0.19112 40.02200  0.12760  0.00000  0.01806
SN: 2532         1 0.26794 0.26888 40.93866  0.19840  0.00000  0.02324
SN: 2533         1 0.33911 0.34000 41.19903  0.14120  0.00000  0.06458
SN: 2561         1 0.11747 0.11812 38.71195  0.17210  0.00000  0.04241
SN: 2632         1 0.29534 0.29600 40.96032  0.18630  0.00000  0.02285
SN: 2635         1 0.14318 0.14370 39.16611  0.15690  0.00000  0.03477
SN: 2639         1 0.21514 0.21631 39.85448  0.24340  0.00000  0.01635
SN: 2689         1 0.16051 0.16149 39.32171  0.18450  0.00000  0.05708
SN: 2766         1 0.14941 0.14994 39.22221  0.14470  0.00000  0.02015
SN: 2789         1 0.28932 0.29055 40.84759  0.15620  0.00000  0.02852
SN: 2808         1 0.31355 0.31410 41.04557  0.15840  0.00000  0.04972
SN: 2855         1 0.24403 0.24511 40.33209  0.18580  0.00000  0.01119
SN: 2864         1 0.24290 0.24410 40.14839  0.19440  0.00000  0.01480
SN: 2871         1 0.29110 0.29224 41.11206  0.22880  0.00000  0.02768
SN: 2916         1 0.12316 0.12420 38.69300  0.23630  0.00000  0.06077
SN: 2926         1 0.30306 0.30424 40.99950  0.17640  0.00000  0.02790
SN: 2928         1 0.14904 0.15022 39.86807  4.56050  0.00000  0.03613
SN: 2929         1 0.11917 0.12032 40.13425 217.06720  0.00000  0.07890
SN: 2943         1 0.26433 0.26540 40.64070  0.17220  0.00000  0.01372
SN: 2992         1 0.12614 0.12660 38.72507  0.18480  0.00000  0.07082
SN: 3049         1 0.16553 0.16670 39.61278  0.16800  0.00000  0.02201
SN: 3077         1 0.24434 0.24550 39.98111  0.15660  0.00000  0.01459
SN: 3080         1 0.17338 0.17445 39.58444  0.11470  0.00000  0.01738
SN: 3087         1 0.16444 0.16548 39.40197  0.18410  0.00000  0.02843
SN: 3102         1 0.29410 0.29516 40.87480  0.29080  0.00000  0.15443
SN: 3150         1 0.33208 0.33327 41.41055  0.16430  0.00000  0.05236
SN: 3175         1 0.22047 0.22114 40.84250  0.19490  0.00000  0.03155
SN: 3180         1 0.24585 0.24701 40.39172  0.31730  0.00000  0.10203
SN: 3195         1 0.29885 0.30000 40.99283  0.16890  0.00000  0.06457
SN: 3199         1 0.24991 0.25110 40.81395  0.15330  0.00000  0.04202
SN: 3225         1 0.34093 0.34193 41.44986  0.14250  0.00000  0.06376
SN: 3241         1 0.25808 0.25908 40.60443  0.14880  0.00000  0.02908
SN: 3256         1 0.10708 0.10824 38.51259  0.20180  0.00000  0.04914
SN: 3317         1 0.16005 0.16101 39.27929  0.19630  0.00000  0.04253
SN: 3329         1 0.12194 0.12280 40.18791  9.39290  0.00000  0.07519
SN: 3331         1 0.21228 0.21313 40.14346  0.16280  0.00000  0.02047
SN: 3377         1 0.24460 0.24510 40.22096  0.14430  0.00000  0.02282
SN: 3451         1 0.24863 0.24983 40.35249  0.13060  0.00000  0.02126
SN: 3452         1 0.22999 0.23118 40.22600  0.14270  0.00000  0.01937
SN: 3488         1 0.15899 0.16000 39.40595  0.30240  0.00000  0.03474
SN: 3497         1 0.16552 0.16666 40.70190  0.39570  0.00000  0.12825
SN: 3535         1 0.30786 0.30854 41.16180  0.16150  0.00000  0.04368
SN: 3565         1 0.28857 0.28976 40.97133  0.15890  0.00000  0.04844
SN: 3592         1 0.08556 0.08662 37.91266  0.14100  0.00000  0.02587
SN: 3757         1 0.06919 0.07040 39.19407 325.24400  0.00000  0.19413
SN: 3877         1 0.10101 0.10220 38.87003 228.34150  0.00000  0.11319
SN: 3881         1 0.32661 0.32784 41.29145  0.14870  0.00000  0.03985
SN: 3892         1 0.34921 0.35027 41.50627  0.17120  0.00000  0.02938
SN: 3945         1 0.26076 0.26198 40.74797  0.24420  0.00000  0.01445
SN: 3975         1 0.39272 0.39364 41.91742  0.13590  0.00000  0.07057
SN: 4019         1 0.18012 0.18132 39.71474  0.19690  0.00000  0.04338
SN: 4028         1 0.34414 0.34528 41.56023  0.17580  0.00000  0.05102
SN: 4046         1 0.27578 0.27700 40.72984  0.17260  0.00000  0.01871
SN: 4059         1 0.30321 0.30370 40.95921  0.18950  0.00000  0.04697
SN: 4181         1 0.28836 0.28915 40.97923  0.17440  0.00000  0.05577
SN: 4236         1 0.34327 0.34446 41.09205  0.10470  0.00000  0.06968
SN: 4241         1 0.33088 0.33200 41.29620  0.14090  0.00000  0.03861
SN: 4281         1 0.17002 0.17088 39.55424  0.17770  0.00000  0.02888
SN: 4307         1 0.27108 0.27200 40.64918  0.17560  0.00000  0.04129
SN: 4311         1 0.29547 0.29635 40.87323  0.16300  0.00000  0.03587
SN: 4676         1 0.24405 0.24511 40.45340  0.14100  0.00000  0.01422
SN: 4679         1 0.33137 0.33240 41.27146  0.14510  0.00000  0.05873
SN: 5021         1 0.19901 0.19975 40.44412  0.25350  0.00000  0.05631
SN: 5103         1 0.16077 0.16198 39.30497  0.19800  0.00000  0.04167
SN: 5199         1 0.22075 0.22198 40.47774  0.23990  0.00000  0.01984
SN: 5235         1 0.25104 0.25225 40.47813  0.18030  0.00000  0.02888
SN: 5340         1 0.19277 0.19370 39.48897  0.17760  0.00000  0.02410
SN: 5350         1 0.17447 0.17540 39.50508  0.16920  0.00000  0.03661
SN: 5378         1 0.25031 0.25110 40.51242  0.12690  0.00000  0.03060
SN: 5391         1 0.30037 0.30090 40.95751  0.16800  0.00000  0.02403
SN: 5395         1 0.11642 0.11700 38.74305  0.17490  0.00000  0.04289
SN: 5473         1 0.27593 0.27715 40.85098  0.15830  0.00000  0.02936
SN: 5486         1 0.22843 0.22961 40.44984  0.19170  0.00000  0.04052
SN: 5533         1 0.21907 0.22023 40.23070  0.17260  0.00000  0.02295
SN: 5549         1 0.12006 0.12124 38.69937  0.19600  0.00000  0.03496
SN: 5550         1 0.15509 0.15627 39.23763  0.15530  0.00000  0.05466
SN: 5635         1 0.17860 0.17979 40.07538  0.17810  0.00000  0.02548
SN: 5702         1 0.19139 0.19251 39.95043  0.20550  0.00000  0.04114
SN: 5717         1 0.25063 0.25170 40.63228  0.15030  0.00000  0.02704
SN: 5736         1 0.25199 0.25300 40.50646  0.14030  0.00000  0.01437
SN: 5751         1 0.12948 0.13061 38.92028  0.20030  0.00000  0.06090
SN: 5785         1 0.14688 0.14804 38.88169  0.20700  0.00000  0.08052
SN: 5802         1 0.29955 0.30071 40.92061  0.15850  0.00000  0.04326
SN: 5803         1 0.28571 0.28692 40.98035  0.19160  0.00000  0.03484
SN: 5844         1 0.30965 0.31080 41.09144  0.20220  0.00000  0.02672
SN: 5866         1 0.08141 0.08237 37.69344  0.21670  0.00000  0.09028
SN: 5879         1 0.15235 0.15324 39.94009 260.95830  0.00000  0.08717
SN: 5890         1 0.17881 0.18000 39.91710  0.14970  0.00000  0.02708
SN: 5920         1 0.08067 0.08165 39.61087 62.24950  0.00000  0.13525
SN: 5943         1 0.23188 0.23267 41.14120 231.13290  0.00000  0.01596
SN: 5957         1 0.27951 0.28035 40.82342  0.11660  0.00000  0.01382
SN: 5959         1 0.20695 0.20773 40.09536  0.11680  0.00000  0.01444
SN: 5963         1 0.23583 0.23696 40.25996  0.13740  0.00000  0.01093
SN: 5994         1 0.18600 0.18700 39.84051  0.15120  0.00000  0.02318
SN: 5999         1 0.13215 0.13293 40.97619 184.60370  0.00000  0.07917
SN: 6057         1 0.06653 0.06706 37.22016  0.25950  0.00000  0.08673
SN: 6108         1 0.25831 0.25950 40.66330  0.17580  0.00000  0.02020
SN: 6137         1 0.29916 0.30010 41.04540  0.17600  0.00000  0.03789
SN: 6192         1 0.27125 0.27249 40.75451  0.18160  0.00000  0.04462
SN: 6196         1 0.28014 0.28134 40.60840  0.19510  0.00000  0.03864
SN: 6225         1 0.33643 0.33763 41.47973  0.13840  0.00000  0.05351
SN: 6249         1 0.29388 0.29507 40.97828  0.16600  0.00000  0.03038
SN: 6274         1 0.20649 0.20735 40.62556 236.69630  0.00000  0.03279
SN: 6315         1 0.26602 0.26700 40.40696  0.12810  0.00000  0.01975
SN: 6326         1 0.22181 0.22280 40.27376  0.21280  0.00000  0.01316
SN: 6406         1 0.12384 0.12449 38.79007  0.13340  0.00000  0.02302
SN: 6422         1 0.18521 0.18643 39.73413  0.13410  0.00000  0.01986
SN: 6479         1 0.23350 0.23459 40.20501  0.16810  0.00000  0.02430
SN: 6491         1 0.10914 0.11022 39.69278 207.12970  0.00000  0.07664
SN: 6530         1 0.19371 0.19481 39.84329  0.13260  0.00000  0.04440
SN: 6556         1 0.25714 0.25830 40.32771  0.16960  0.00000  0.03259
SN: 6649         1 0.31315 0.31400 41.01202  0.15690  0.00000  0.03597
SN: 6699         1 0.31004 0.31115 41.16265  0.16380  0.00000  0.03464
SN: 6773         1 0.08940 0.09030 37.86259  0.15750  0.00000  0.02758
SN: 6780         1 0.20291 0.20406 39.91539  0.14170  0.00000  0.04534
SN: 6851         1 0.30436 0.30489 40.98754  0.15470  0.00000  0.03800
SN: 6924         1 0.32679 0.32800 41.05508  0.12390  0.00000  0.03752
SN: 6933         1 0.21187 0.21300 39.96416  0.16120  0.00000  0.01776
SN: 6936         1 0.17909 0.18020 39.79677  0.13460  0.00000  0.03596
SN: 694          1 0.12623 0.12740 38.61925  0.20380  0.00000  0.09459
SN: 6962         1 0.09346 0.09423 38.17707  0.10870  0.00000  0.07400
SN: 703          1 0.29686 0.29806 40.83540  0.17710  0.00000  0.02905
SN: 7099         1 0.21766 0.21888 40.04515  0.13130  0.00000  0.03729
SN: 7102         1 0.19530 0.19642 39.96194  0.13030  0.00000  0.02889
SN: 7121         1 0.25345 0.25450 40.73997  0.17770  0.00000  0.01393
SN: 7143         1 0.30391 0.30514 41.21225  0.13370  0.00000  0.04631
SN: 7147         1 0.10900 0.11023 38.46185  0.11680  0.00000  0.07713
SN: 7243         1 0.20344 0.20460 40.01385  0.18340  0.00000  0.02175
SN: 7258         1 0.25341 0.25450 40.90288  0.33820  0.00000  0.01944
SN: 7335         1 0.19582 0.19689 40.00660  0.18250  0.00000  0.05384
SN: 7363         1 0.17937 0.18043 39.82175  0.21800  0.00000  0.05897
SN: 7373         1 0.27887 0.28010 40.88555  0.15100  0.00000  0.05345
SN: 744          1 0.12711 0.12828 38.94576  0.17640  0.00000  0.06669
SN: 7444         1 0.24945 0.25040 40.73389  0.19680  0.00000  0.01603
SN: 7473         1 0.21482 0.21600 40.15873  0.14140  0.00000  0.01312
SN: 7475         1 0.32082 0.32200 41.05300  0.11800  0.00000  0.04266
SN: 7512         1 0.21846 0.21900 40.27154  0.18110  0.00000  0.01555
SN: 7600         1 0.18686 0.18809 39.71181  0.16030  0.00000  0.07174
SN: 762          1 0.19030 0.19138 39.98536  0.13810  0.00000  0.03399
SN: 7647         1 0.38546 0.38668 41.69392  0.12770  0.00000  0.06714
SN: 779          1 0.23716 0.23812 40.28230  0.17610  0.00000  0.01126
SN: 7824         1 0.28587 0.28710 40.93186  0.17480  0.00000  0.01845
SN: 7847         1 0.21195 0.21282 40.08264  0.17680  0.00000  0.02550
SN: 7876         1 0.07498 0.07603 37.59321  0.17360  0.00000  0.03591
SN: 7882         1 0.33506 0.33614 41.06023  0.12190  0.00000  0.03984
SN: 7954         1 0.25411 0.25530 40.46035  0.21800  0.00000  0.02643
SN: 8110         1 0.11852 0.11975 39.53448 178.04070  0.00000  0.03712
SN: 8213         1 0.18497 0.18618 39.69626  0.20330  0.00000  0.05417
SN: 8216         1 0.29014 0.29131 40.98122  0.22110  0.00000  0.05474
SN: 822          1 0.23688 0.23763 40.43873  0.18870  0.00000  0.02540
SN: 841          1 0.29850 0.29910 40.98839  0.19120  0.00000  0.02157
SN: 8412         1 0.23306 0.23400 40.12975  0.14630  0.00000  0.06005
SN: 8495         1 0.21377 0.21497 40.15526  0.14980  0.00000  0.02431
SN: 859          1 0.27711 0.27834 40.52171  0.16340  0.00000  0.02079
SN: 8719         1 0.11641 0.11757 38.74706  0.10990  0.00000  0.01526
SN: 8742         1 0.21426 0.21539 40.46428  0.21370  0.00000  0.03561
SN: 8750         1 0.07598 0.07713 38.33088 186.71620  0.00000  0.07546
SN: 8921         1 0.14428 0.14541 39.21012  0.14440  0.00000  0.04284
SN: 893          1 0.10896 0.11013 39.77085 217.81010  0.00000  0.07590
SN: 9032         1 0.25279 0.25400 40.53321  0.19640  0.00000  0.01527
SN: 9051         1 0.17218 0.17336 39.34247  0.14440  0.00000  0.02089
SN: 9109         1 0.28067 0.28164 40.68810  0.14960  0.00000  0.01604
SN: 911          1 0.20648 0.20726 40.10570  0.28090  0.00000  0.05310
SN: 9133         1 0.26632 0.26739 40.88154  0.35550  0.00000  0.06337
SN: 9326         1 0.28981 0.29104 41.38025  0.24390  0.00000  0.03400
SN: 9457         1 0.25706 0.25826 40.61242  0.18280  0.00000  0.01000
SN: 9467         1 0.21914 0.22030 40.26796  0.16270  0.00000  0.03143
SN: 9632         1 0.36413 0.36505 41.39279  0.17620  0.00000  0.06208
SN: 9725         1 0.17332 0.17443 41.06784 231.58880  0.00000  0.02786
