VARNAMES: SALT2c LOGMASS PROB
PDF: -0.500 7.80 0.000
PDF: -0.490 7.80 0.000
PDF: -0.480 7.80 0.000
PDF: -0.470 7.80 0.000
PDF: -0.460 7.80 0.000
PDF: -0.450 7.80 0.000
PDF: -0.440 7.80 0.000
PDF: -0.430 7.80 0.000
PDF: -0.420 7.80 0.000
PDF: -0.410 7.80 0.000
PDF: -0.400 7.80 0.000
PDF: -0.390 7.80 0.000
PDF: -0.380 7.80 0.000
PDF: -0.370 7.80 0.000
PDF: -0.360 7.80 0.000
PDF: -0.350 7.80 0.000
PDF: -0.340 7.80 0.000
PDF: -0.330 7.80 0.000
PDF: -0.320 7.80 0.000
PDF: -0.310 7.80 0.000
PDF: -0.300 7.80 0.000
PDF: -0.290 7.80 0.000
PDF: -0.280 7.80 0.000
PDF: -0.270 7.80 0.000
PDF: -0.260 7.80 0.000
PDF: -0.250 7.80 0.000
PDF: -0.240 7.80 0.000
PDF: -0.230 7.80 0.000
PDF: -0.220 7.80 0.000
PDF: -0.210 7.80 0.001
PDF: -0.200 7.80 0.002
PDF: -0.190 7.80 0.003
PDF: -0.180 7.80 0.007
PDF: -0.170 7.80 0.013
PDF: -0.160 7.80 0.023
PDF: -0.150 7.80 0.039
PDF: -0.140 7.80 0.065
PDF: -0.130 7.80 0.104
PDF: -0.120 7.80 0.158
PDF: -0.110 7.80 0.231
PDF: -0.100 7.80 0.322
PDF: -0.090 7.80 0.431
PDF: -0.080 7.80 0.552
PDF: -0.070 7.80 0.678
PDF: -0.060 7.80 0.797
PDF: -0.050 7.80 0.898
PDF: -0.040 7.80 0.968
PDF: -0.030 7.80 1.000
PDF: -0.020 7.80 0.993
PDF: -0.010 7.80 0.957
PDF: 0.000 7.80 0.895
PDF: 0.010 7.80 0.813
PDF: 0.020 7.80 0.717
PDF: 0.030 7.80 0.614
PDF: 0.040 7.80 0.510
PDF: 0.050 7.80 0.412
PDF: 0.060 7.80 0.322
PDF: 0.070 7.80 0.245
PDF: 0.080 7.80 0.181
PDF: 0.090 7.80 0.130
PDF: 0.100 7.80 0.090
PDF: 0.110 7.80 0.061
PDF: 0.120 7.80 0.040
PDF: 0.130 7.80 0.025
PDF: 0.140 7.80 0.016
PDF: 0.150 7.80 0.009
PDF: 0.160 7.80 0.005
PDF: 0.170 7.80 0.003
PDF: 0.180 7.80 0.002
PDF: 0.190 7.80 0.001
PDF: 0.200 7.80 0.000
PDF: 0.210 7.80 0.000
PDF: 0.220 7.80 0.000
PDF: 0.230 7.80 0.000
PDF: 0.240 7.80 0.000
PDF: 0.250 7.80 0.000
PDF: 0.260 7.80 0.000
PDF: 0.270 7.80 0.000
PDF: 0.280 7.80 0.000
PDF: 0.290 7.80 0.000
PDF: 0.300 7.80 0.000
PDF: 0.310 7.80 0.000
PDF: 0.320 7.80 0.000
PDF: 0.330 7.80 0.000
PDF: 0.340 7.80 0.000
PDF: 0.350 7.80 0.000
PDF: 0.360 7.80 0.000
PDF: 0.370 7.80 0.000
PDF: 0.380 7.80 0.000
PDF: 0.390 7.80 0.000
PDF: 0.400 7.80 0.000
PDF: 0.410 7.80 0.000
PDF: 0.420 7.80 0.000
PDF: 0.430 7.80 0.000
PDF: 0.440 7.80 0.000
PDF: 0.450 7.80 0.000
PDF: 0.460 7.80 0.000
PDF: 0.470 7.80 0.000
PDF: 0.480 7.80 0.000
PDF: 0.490 7.80 0.000
PDF: -0.500 8.00 0.000
PDF: -0.490 8.00 0.000
PDF: -0.480 8.00 0.000
PDF: -0.470 8.00 0.000
PDF: -0.460 8.00 0.000
PDF: -0.450 8.00 0.000
PDF: -0.440 8.00 0.000
PDF: -0.430 8.00 0.000
PDF: -0.420 8.00 0.000
PDF: -0.410 8.00 0.000
PDF: -0.400 8.00 0.000
PDF: -0.390 8.00 0.000
PDF: -0.380 8.00 0.000
PDF: -0.370 8.00 0.000
PDF: -0.360 8.00 0.000
PDF: -0.350 8.00 0.000
PDF: -0.340 8.00 0.000
PDF: -0.330 8.00 0.000
PDF: -0.320 8.00 0.000
PDF: -0.310 8.00 0.000
PDF: -0.300 8.00 0.000
PDF: -0.290 8.00 0.000
PDF: -0.280 8.00 0.000
PDF: -0.270 8.00 0.000
PDF: -0.260 8.00 0.000
PDF: -0.250 8.00 0.000
PDF: -0.240 8.00 0.000
PDF: -0.230 8.00 0.000
PDF: -0.220 8.00 0.000
PDF: -0.210 8.00 0.000
PDF: -0.200 8.00 0.001
PDF: -0.190 8.00 0.002
PDF: -0.180 8.00 0.004
PDF: -0.170 8.00 0.008
PDF: -0.160 8.00 0.016
PDF: -0.150 8.00 0.030
PDF: -0.140 8.00 0.055
PDF: -0.130 8.00 0.093
PDF: -0.120 8.00 0.150
PDF: -0.110 8.00 0.229
PDF: -0.100 8.00 0.332
PDF: -0.090 8.00 0.456
PDF: -0.080 8.00 0.594
PDF: -0.070 8.00 0.733
PDF: -0.060 8.00 0.857
PDF: -0.050 8.00 0.950
PDF: -0.040 8.00 0.998
PDF: -0.030 8.00 1.000
PDF: -0.020 8.00 0.979
PDF: -0.010 8.00 0.940
PDF: 0.000 8.00 0.885
PDF: 0.010 8.00 0.817
PDF: 0.020 8.00 0.740
PDF: 0.030 8.00 0.657
PDF: 0.040 8.00 0.572
PDF: 0.050 8.00 0.488
PDF: 0.060 8.00 0.409
PDF: 0.070 8.00 0.336
PDF: 0.080 8.00 0.270
PDF: 0.090 8.00 0.213
PDF: 0.100 8.00 0.165
PDF: 0.110 8.00 0.125
PDF: 0.120 8.00 0.093
PDF: 0.130 8.00 0.068
PDF: 0.140 8.00 0.049
PDF: 0.150 8.00 0.034
PDF: 0.160 8.00 0.024
PDF: 0.170 8.00 0.016
PDF: 0.180 8.00 0.011
PDF: 0.190 8.00 0.007
PDF: 0.200 8.00 0.004
PDF: 0.210 8.00 0.003
PDF: 0.220 8.00 0.002
PDF: 0.230 8.00 0.001
PDF: 0.240 8.00 0.001
PDF: 0.250 8.00 0.000
PDF: 0.260 8.00 0.000
PDF: 0.270 8.00 0.000
PDF: 0.280 8.00 0.000
PDF: 0.290 8.00 0.000
PDF: 0.300 8.00 0.000
PDF: 0.310 8.00 0.000
PDF: 0.320 8.00 0.000
PDF: 0.330 8.00 0.000
PDF: 0.340 8.00 0.000
PDF: 0.350 8.00 0.000
PDF: 0.360 8.00 0.000
PDF: 0.370 8.00 0.000
PDF: 0.380 8.00 0.000
PDF: 0.390 8.00 0.000
PDF: 0.400 8.00 0.000
PDF: 0.410 8.00 0.000
PDF: 0.420 8.00 0.000
PDF: 0.430 8.00 0.000
PDF: 0.440 8.00 0.000
PDF: 0.450 8.00 0.000
PDF: 0.460 8.00 0.000
PDF: 0.470 8.00 0.000
PDF: 0.480 8.00 0.000
PDF: 0.490 8.00 0.000
PDF: -0.500 8.20 0.000
PDF: -0.490 8.20 0.000
PDF: -0.480 8.20 0.000
PDF: -0.470 8.20 0.000
PDF: -0.460 8.20 0.000
PDF: -0.450 8.20 0.000
PDF: -0.440 8.20 0.000
PDF: -0.430 8.20 0.000
PDF: -0.420 8.20 0.000
PDF: -0.410 8.20 0.000
PDF: -0.400 8.20 0.000
PDF: -0.390 8.20 0.000
PDF: -0.380 8.20 0.000
PDF: -0.370 8.20 0.000
PDF: -0.360 8.20 0.000
PDF: -0.350 8.20 0.000
PDF: -0.340 8.20 0.000
PDF: -0.330 8.20 0.000
PDF: -0.320 8.20 0.000
PDF: -0.310 8.20 0.000
PDF: -0.300 8.20 0.000
PDF: -0.290 8.20 0.000
PDF: -0.280 8.20 0.000
PDF: -0.270 8.20 0.000
PDF: -0.260 8.20 0.000
PDF: -0.250 8.20 0.000
PDF: -0.240 8.20 0.000
PDF: -0.230 8.20 0.000
PDF: -0.220 8.20 0.000
PDF: -0.210 8.20 0.000
PDF: -0.200 8.20 0.000
PDF: -0.190 8.20 0.000
PDF: -0.180 8.20 0.001
PDF: -0.170 8.20 0.003
PDF: -0.160 8.20 0.007
PDF: -0.150 8.20 0.015
PDF: -0.140 8.20 0.031
PDF: -0.130 8.20 0.061
PDF: -0.120 8.20 0.110
PDF: -0.110 8.20 0.186
PDF: -0.100 8.20 0.292
PDF: -0.090 8.20 0.427
PDF: -0.080 8.20 0.583
PDF: -0.070 8.20 0.742
PDF: -0.060 8.20 0.879
PDF: -0.050 8.20 0.971
PDF: -0.040 8.20 1.000
PDF: -0.030 8.20 0.984
PDF: -0.020 8.20 0.944
PDF: -0.010 8.20 0.880
PDF: 0.000 8.20 0.800
PDF: 0.010 8.20 0.708
PDF: 0.020 8.20 0.609
PDF: 0.030 8.20 0.511
PDF: 0.040 8.20 0.417
PDF: 0.050 8.20 0.332
PDF: 0.060 8.20 0.257
PDF: 0.070 8.20 0.193
PDF: 0.080 8.20 0.142
PDF: 0.090 8.20 0.101
PDF: 0.100 8.20 0.070
PDF: 0.110 8.20 0.048
PDF: 0.120 8.20 0.031
PDF: 0.130 8.20 0.020
PDF: 0.140 8.20 0.013
PDF: 0.150 8.20 0.008
PDF: 0.160 8.20 0.005
PDF: 0.170 8.20 0.003
PDF: 0.180 8.20 0.001
PDF: 0.190 8.20 0.001
PDF: 0.200 8.20 0.000
PDF: 0.210 8.20 0.000
PDF: 0.220 8.20 0.000
PDF: 0.230 8.20 0.000
PDF: 0.240 8.20 0.000
PDF: 0.250 8.20 0.000
PDF: 0.260 8.20 0.000
PDF: 0.270 8.20 0.000
PDF: 0.280 8.20 0.000
PDF: 0.290 8.20 0.000
PDF: 0.300 8.20 0.000
PDF: 0.310 8.20 0.000
PDF: 0.320 8.20 0.000
PDF: 0.330 8.20 0.000
PDF: 0.340 8.20 0.000
PDF: 0.350 8.20 0.000
PDF: 0.360 8.20 0.000
PDF: 0.370 8.20 0.000
PDF: 0.380 8.20 0.000
PDF: 0.390 8.20 0.000
PDF: 0.400 8.20 0.000
PDF: 0.410 8.20 0.000
PDF: 0.420 8.20 0.000
PDF: 0.430 8.20 0.000
PDF: 0.440 8.20 0.000
PDF: 0.450 8.20 0.000
PDF: 0.460 8.20 0.000
PDF: 0.470 8.20 0.000
PDF: 0.480 8.20 0.000
PDF: 0.490 8.20 0.000
PDF: -0.500 8.40 0.000
PDF: -0.490 8.40 0.000
PDF: -0.480 8.40 0.000
PDF: -0.470 8.40 0.000
PDF: -0.460 8.40 0.000
PDF: -0.450 8.40 0.000
PDF: -0.440 8.40 0.000
PDF: -0.430 8.40 0.000
PDF: -0.420 8.40 0.000
PDF: -0.410 8.40 0.000
PDF: -0.400 8.40 0.000
PDF: -0.390 8.40 0.000
PDF: -0.380 8.40 0.000
PDF: -0.370 8.40 0.000
PDF: -0.360 8.40 0.000
PDF: -0.350 8.40 0.000
PDF: -0.340 8.40 0.000
PDF: -0.330 8.40 0.000
PDF: -0.320 8.40 0.000
PDF: -0.310 8.40 0.000
PDF: -0.300 8.40 0.000
PDF: -0.290 8.40 0.000
PDF: -0.280 8.40 0.000
PDF: -0.270 8.40 0.000
PDF: -0.260 8.40 0.000
PDF: -0.250 8.40 0.000
PDF: -0.240 8.40 0.000
PDF: -0.230 8.40 0.000
PDF: -0.220 8.40 0.000
PDF: -0.210 8.40 0.000
PDF: -0.200 8.40 0.000
PDF: -0.190 8.40 0.000
PDF: -0.180 8.40 0.001
PDF: -0.170 8.40 0.002
PDF: -0.160 8.40 0.004
PDF: -0.150 8.40 0.009
PDF: -0.140 8.40 0.019
PDF: -0.130 8.40 0.037
PDF: -0.120 8.40 0.069
PDF: -0.110 8.40 0.118
PDF: -0.100 8.40 0.191
PDF: -0.090 8.40 0.291
PDF: -0.080 8.40 0.417
PDF: -0.070 8.40 0.562
PDF: -0.060 8.40 0.712
PDF: -0.050 8.40 0.848
PDF: -0.040 8.40 0.949
PDF: -0.030 8.40 1.000
PDF: -0.020 8.40 0.995
PDF: -0.010 8.40 0.951
PDF: 0.000 8.40 0.873
PDF: 0.010 8.40 0.771
PDF: 0.020 8.40 0.654
PDF: 0.030 8.40 0.533
PDF: 0.040 8.40 0.418
PDF: 0.050 8.40 0.315
PDF: 0.060 8.40 0.228
PDF: 0.070 8.40 0.159
PDF: 0.080 8.40 0.106
PDF: 0.090 8.40 0.068
PDF: 0.100 8.40 0.042
PDF: 0.110 8.40 0.025
PDF: 0.120 8.40 0.014
PDF: 0.130 8.40 0.008
PDF: 0.140 8.40 0.004
PDF: 0.150 8.40 0.002
PDF: 0.160 8.40 0.001
PDF: 0.170 8.40 0.000
PDF: 0.180 8.40 0.000
PDF: 0.190 8.40 0.000
PDF: 0.200 8.40 0.000
PDF: 0.210 8.40 0.000
PDF: 0.220 8.40 0.000
PDF: 0.230 8.40 0.000
PDF: 0.240 8.40 0.000
PDF: 0.250 8.40 0.000
PDF: 0.260 8.40 0.000
PDF: 0.270 8.40 0.000
PDF: 0.280 8.40 0.000
PDF: 0.290 8.40 0.000
PDF: 0.300 8.40 0.000
PDF: 0.310 8.40 0.000
PDF: 0.320 8.40 0.000
PDF: 0.330 8.40 0.000
PDF: 0.340 8.40 0.000
PDF: 0.350 8.40 0.000
PDF: 0.360 8.40 0.000
PDF: 0.370 8.40 0.000
PDF: 0.380 8.40 0.000
PDF: 0.390 8.40 0.000
PDF: 0.400 8.40 0.000
PDF: 0.410 8.40 0.000
PDF: 0.420 8.40 0.000
PDF: 0.430 8.40 0.000
PDF: 0.440 8.40 0.000
PDF: 0.450 8.40 0.000
PDF: 0.460 8.40 0.000
PDF: 0.470 8.40 0.000
PDF: 0.480 8.40 0.000
PDF: 0.490 8.40 0.000
PDF: -0.500 8.60 0.000
PDF: -0.490 8.60 0.000
PDF: -0.480 8.60 0.000
PDF: -0.470 8.60 0.000
PDF: -0.460 8.60 0.000
PDF: -0.450 8.60 0.000
PDF: -0.440 8.60 0.000
PDF: -0.430 8.60 0.000
PDF: -0.420 8.60 0.000
PDF: -0.410 8.60 0.000
PDF: -0.400 8.60 0.000
PDF: -0.390 8.60 0.000
PDF: -0.380 8.60 0.000
PDF: -0.370 8.60 0.000
PDF: -0.360 8.60 0.000
PDF: -0.350 8.60 0.000
PDF: -0.340 8.60 0.000
PDF: -0.330 8.60 0.000
PDF: -0.320 8.60 0.000
PDF: -0.310 8.60 0.000
PDF: -0.300 8.60 0.000
PDF: -0.290 8.60 0.000
PDF: -0.280 8.60 0.000
PDF: -0.270 8.60 0.000
PDF: -0.260 8.60 0.000
PDF: -0.250 8.60 0.000
PDF: -0.240 8.60 0.000
PDF: -0.230 8.60 0.000
PDF: -0.220 8.60 0.000
PDF: -0.210 8.60 0.000
PDF: -0.200 8.60 0.000
PDF: -0.190 8.60 0.000
PDF: -0.180 8.60 0.000
PDF: -0.170 8.60 0.000
PDF: -0.160 8.60 0.000
PDF: -0.150 8.60 0.000
PDF: -0.140 8.60 0.000
PDF: -0.130 8.60 0.001
PDF: -0.120 8.60 0.003
PDF: -0.110 8.60 0.010
PDF: -0.100 8.60 0.028
PDF: -0.090 8.60 0.071
PDF: -0.080 8.60 0.156
PDF: -0.070 8.60 0.298
PDF: -0.060 8.60 0.495
PDF: -0.050 8.60 0.718
PDF: -0.040 8.60 0.907
PDF: -0.030 8.60 1.000
PDF: -0.020 8.60 0.981
PDF: -0.010 8.60 0.893
PDF: 0.000 8.60 0.757
PDF: 0.010 8.60 0.597
PDF: 0.020 8.60 0.438
PDF: 0.030 8.60 0.299
PDF: 0.040 8.60 0.190
PDF: 0.050 8.60 0.112
PDF: 0.060 8.60 0.062
PDF: 0.070 8.60 0.031
PDF: 0.080 8.60 0.015
PDF: 0.090 8.60 0.007
PDF: 0.100 8.60 0.003
PDF: 0.110 8.60 0.001
PDF: 0.120 8.60 0.000
PDF: 0.130 8.60 0.000
PDF: 0.140 8.60 0.000
PDF: 0.150 8.60 0.000
PDF: 0.160 8.60 0.000
PDF: 0.170 8.60 0.000
PDF: 0.180 8.60 0.000
PDF: 0.190 8.60 0.000
PDF: 0.200 8.60 0.000
PDF: 0.210 8.60 0.000
PDF: 0.220 8.60 0.000
PDF: 0.230 8.60 0.000
PDF: 0.240 8.60 0.000
PDF: 0.250 8.60 0.000
PDF: 0.260 8.60 0.000
PDF: 0.270 8.60 0.000
PDF: 0.280 8.60 0.000
PDF: 0.290 8.60 0.000
PDF: 0.300 8.60 0.000
PDF: 0.310 8.60 0.000
PDF: 0.320 8.60 0.000
PDF: 0.330 8.60 0.000
PDF: 0.340 8.60 0.000
PDF: 0.350 8.60 0.000
PDF: 0.360 8.60 0.000
PDF: 0.370 8.60 0.000
PDF: 0.380 8.60 0.000
PDF: 0.390 8.60 0.000
PDF: 0.400 8.60 0.000
PDF: 0.410 8.60 0.000
PDF: 0.420 8.60 0.000
PDF: 0.430 8.60 0.000
PDF: 0.440 8.60 0.000
PDF: 0.450 8.60 0.000
PDF: 0.460 8.60 0.000
PDF: 0.470 8.60 0.000
PDF: 0.480 8.60 0.000
PDF: 0.490 8.60 0.000
PDF: -0.500 8.80 0.000
PDF: -0.490 8.80 0.000
PDF: -0.480 8.80 0.000
PDF: -0.470 8.80 0.000
PDF: -0.460 8.80 0.000
PDF: -0.450 8.80 0.000
PDF: -0.440 8.80 0.000
PDF: -0.430 8.80 0.000
PDF: -0.420 8.80 0.000
PDF: -0.410 8.80 0.000
PDF: -0.400 8.80 0.000
PDF: -0.390 8.80 0.000
PDF: -0.380 8.80 0.000
PDF: -0.370 8.80 0.000
PDF: -0.360 8.80 0.000
PDF: -0.350 8.80 0.000
PDF: -0.340 8.80 0.000
PDF: -0.330 8.80 0.000
PDF: -0.320 8.80 0.000
PDF: -0.310 8.80 0.000
PDF: -0.300 8.80 0.000
PDF: -0.290 8.80 0.000
PDF: -0.280 8.80 0.000
PDF: -0.270 8.80 0.000
PDF: -0.260 8.80 0.000
PDF: -0.250 8.80 0.000
PDF: -0.240 8.80 0.000
PDF: -0.230 8.80 0.000
PDF: -0.220 8.80 0.000
PDF: -0.210 8.80 0.000
PDF: -0.200 8.80 0.000
PDF: -0.190 8.80 0.000
PDF: -0.180 8.80 0.000
PDF: -0.170 8.80 0.000
PDF: -0.160 8.80 0.000
PDF: -0.150 8.80 0.000
PDF: -0.140 8.80 0.001
PDF: -0.130 8.80 0.004
PDF: -0.120 8.80 0.012
PDF: -0.110 8.80 0.034
PDF: -0.100 8.80 0.080
PDF: -0.090 8.80 0.168
PDF: -0.080 8.80 0.311
PDF: -0.070 8.80 0.505
PDF: -0.060 8.80 0.721
PDF: -0.050 8.80 0.905
PDF: -0.040 8.80 1.000
PDF: -0.030 8.80 0.998
PDF: -0.020 8.80 0.968
PDF: -0.010 8.80 0.917
PDF: 0.000 8.80 0.846
PDF: 0.010 8.80 0.763
PDF: 0.020 8.80 0.670
PDF: 0.030 8.80 0.575
PDF: 0.040 8.80 0.481
PDF: 0.050 8.80 0.393
PDF: 0.060 8.80 0.313
PDF: 0.070 8.80 0.243
PDF: 0.080 8.80 0.184
PDF: 0.090 8.80 0.136
PDF: 0.100 8.80 0.098
PDF: 0.110 8.80 0.069
PDF: 0.120 8.80 0.047
PDF: 0.130 8.80 0.032
PDF: 0.140 8.80 0.021
PDF: 0.150 8.80 0.013
PDF: 0.160 8.80 0.008
PDF: 0.170 8.80 0.005
PDF: 0.180 8.80 0.003
PDF: 0.190 8.80 0.002
PDF: 0.200 8.80 0.001
PDF: 0.210 8.80 0.001
PDF: 0.220 8.80 0.000
PDF: 0.230 8.80 0.000
PDF: 0.240 8.80 0.000
PDF: 0.250 8.80 0.000
PDF: 0.260 8.80 0.000
PDF: 0.270 8.80 0.000
PDF: 0.280 8.80 0.000
PDF: 0.290 8.80 0.000
PDF: 0.300 8.80 0.000
PDF: 0.310 8.80 0.000
PDF: 0.320 8.80 0.000
PDF: 0.330 8.80 0.000
PDF: 0.340 8.80 0.000
PDF: 0.350 8.80 0.000
PDF: 0.360 8.80 0.000
PDF: 0.370 8.80 0.000
PDF: 0.380 8.80 0.000
PDF: 0.390 8.80 0.000
PDF: 0.400 8.80 0.000
PDF: 0.410 8.80 0.000
PDF: 0.420 8.80 0.000
PDF: 0.430 8.80 0.000
PDF: 0.440 8.80 0.000
PDF: 0.450 8.80 0.000
PDF: 0.460 8.80 0.000
PDF: 0.470 8.80 0.000
PDF: 0.480 8.80 0.000
PDF: 0.490 8.80 0.000
PDF: -0.500 9.00 0.000
PDF: -0.490 9.00 0.000
PDF: -0.480 9.00 0.000
PDF: -0.470 9.00 0.000
PDF: -0.460 9.00 0.000
PDF: -0.450 9.00 0.000
PDF: -0.440 9.00 0.000
PDF: -0.430 9.00 0.000
PDF: -0.420 9.00 0.000
PDF: -0.410 9.00 0.000
PDF: -0.400 9.00 0.000
PDF: -0.390 9.00 0.000
PDF: -0.380 9.00 0.000
PDF: -0.370 9.00 0.000
PDF: -0.360 9.00 0.000
PDF: -0.350 9.00 0.000
PDF: -0.340 9.00 0.000
PDF: -0.330 9.00 0.000
PDF: -0.320 9.00 0.000
PDF: -0.310 9.00 0.000
PDF: -0.300 9.00 0.000
PDF: -0.290 9.00 0.000
PDF: -0.280 9.00 0.000
PDF: -0.270 9.00 0.000
PDF: -0.260 9.00 0.000
PDF: -0.250 9.00 0.000
PDF: -0.240 9.00 0.000
PDF: -0.230 9.00 0.000
PDF: -0.220 9.00 0.000
PDF: -0.210 9.00 0.000
PDF: -0.200 9.00 0.000
PDF: -0.190 9.00 0.000
PDF: -0.180 9.00 0.000
PDF: -0.170 9.00 0.000
PDF: -0.160 9.00 0.000
PDF: -0.150 9.00 0.000
PDF: -0.140 9.00 0.000
PDF: -0.130 9.00 0.001
PDF: -0.120 9.00 0.006
PDF: -0.110 9.00 0.019
PDF: -0.100 9.00 0.054
PDF: -0.090 9.00 0.131
PDF: -0.080 9.00 0.272
PDF: -0.070 9.00 0.478
PDF: -0.060 9.00 0.718
PDF: -0.050 9.00 0.918
PDF: -0.040 9.00 1.000
PDF: -0.030 9.00 0.989
PDF: -0.020 9.00 0.955
PDF: -0.010 9.00 0.900
PDF: 0.000 9.00 0.828
PDF: 0.010 9.00 0.744
PDF: 0.020 9.00 0.653
PDF: 0.030 9.00 0.559
PDF: 0.040 9.00 0.468
PDF: 0.050 9.00 0.382
PDF: 0.060 9.00 0.304
PDF: 0.070 9.00 0.237
PDF: 0.080 9.00 0.180
PDF: 0.090 9.00 0.134
PDF: 0.100 9.00 0.097
PDF: 0.110 9.00 0.068
PDF: 0.120 9.00 0.047
PDF: 0.130 9.00 0.032
PDF: 0.140 9.00 0.021
PDF: 0.150 9.00 0.013
PDF: 0.160 9.00 0.008
PDF: 0.170 9.00 0.005
PDF: 0.180 9.00 0.003
PDF: 0.190 9.00 0.002
PDF: 0.200 9.00 0.001
PDF: 0.210 9.00 0.001
PDF: 0.220 9.00 0.000
PDF: 0.230 9.00 0.000
PDF: 0.240 9.00 0.000
PDF: 0.250 9.00 0.000
PDF: 0.260 9.00 0.000
PDF: 0.270 9.00 0.000
PDF: 0.280 9.00 0.000
PDF: 0.290 9.00 0.000
PDF: 0.300 9.00 0.000
PDF: 0.310 9.00 0.000
PDF: 0.320 9.00 0.000
PDF: 0.330 9.00 0.000
PDF: 0.340 9.00 0.000
PDF: 0.350 9.00 0.000
PDF: 0.360 9.00 0.000
PDF: 0.370 9.00 0.000
PDF: 0.380 9.00 0.000
PDF: 0.390 9.00 0.000
PDF: 0.400 9.00 0.000
PDF: 0.410 9.00 0.000
PDF: 0.420 9.00 0.000
PDF: 0.430 9.00 0.000
PDF: 0.440 9.00 0.000
PDF: 0.450 9.00 0.000
PDF: 0.460 9.00 0.000
PDF: 0.470 9.00 0.000
PDF: 0.480 9.00 0.000
PDF: 0.490 9.00 0.000
PDF: -0.500 9.20 0.000
PDF: -0.490 9.20 0.000
PDF: -0.480 9.20 0.000
PDF: -0.470 9.20 0.000
PDF: -0.460 9.20 0.000
PDF: -0.450 9.20 0.000
PDF: -0.440 9.20 0.000
PDF: -0.430 9.20 0.000
PDF: -0.420 9.20 0.000
PDF: -0.410 9.20 0.000
PDF: -0.400 9.20 0.000
PDF: -0.390 9.20 0.000
PDF: -0.380 9.20 0.000
PDF: -0.370 9.20 0.000
PDF: -0.360 9.20 0.000
PDF: -0.350 9.20 0.000
PDF: -0.340 9.20 0.000
PDF: -0.330 9.20 0.000
PDF: -0.320 9.20 0.000
PDF: -0.310 9.20 0.000
PDF: -0.300 9.20 0.000
PDF: -0.290 9.20 0.000
PDF: -0.280 9.20 0.000
PDF: -0.270 9.20 0.000
PDF: -0.260 9.20 0.000
PDF: -0.250 9.20 0.000
PDF: -0.240 9.20 0.000
PDF: -0.230 9.20 0.000
PDF: -0.220 9.20 0.000
PDF: -0.210 9.20 0.000
PDF: -0.200 9.20 0.000
PDF: -0.190 9.20 0.000
PDF: -0.180 9.20 0.000
PDF: -0.170 9.20 0.000
PDF: -0.160 9.20 0.000
PDF: -0.150 9.20 0.000
PDF: -0.140 9.20 0.001
PDF: -0.130 9.20 0.002
PDF: -0.120 9.20 0.009
PDF: -0.110 9.20 0.030
PDF: -0.100 9.20 0.081
PDF: -0.090 9.20 0.188
PDF: -0.080 9.20 0.367
PDF: -0.070 9.20 0.605
PDF: -0.060 9.20 0.841
PDF: -0.050 9.20 0.986
PDF: -0.040 9.20 1.000
PDF: -0.030 9.20 0.985
PDF: -0.020 9.20 0.956
PDF: -0.010 9.20 0.915
PDF: 0.000 9.20 0.864
PDF: 0.010 9.20 0.804
PDF: 0.020 9.20 0.737
PDF: 0.030 9.20 0.666
PDF: 0.040 9.20 0.594
PDF: 0.050 9.20 0.522
PDF: 0.060 9.20 0.452
PDF: 0.070 9.20 0.386
PDF: 0.080 9.20 0.325
PDF: 0.090 9.20 0.270
PDF: 0.100 9.20 0.221
PDF: 0.110 9.20 0.178
PDF: 0.120 9.20 0.142
PDF: 0.130 9.20 0.111
PDF: 0.140 9.20 0.086
PDF: 0.150 9.20 0.065
PDF: 0.160 9.20 0.049
PDF: 0.170 9.20 0.036
PDF: 0.180 9.20 0.027
PDF: 0.190 9.20 0.019
PDF: 0.200 9.20 0.014
PDF: 0.210 9.20 0.009
PDF: 0.220 9.20 0.007
PDF: 0.230 9.20 0.004
PDF: 0.240 9.20 0.003
PDF: 0.250 9.20 0.002
PDF: 0.260 9.20 0.001
PDF: 0.270 9.20 0.001
PDF: 0.280 9.20 0.001
PDF: 0.290 9.20 0.000
PDF: 0.300 9.20 0.000
PDF: 0.310 9.20 0.000
PDF: 0.320 9.20 0.000
PDF: 0.330 9.20 0.000
PDF: 0.340 9.20 0.000
PDF: 0.350 9.20 0.000
PDF: 0.360 9.20 0.000
PDF: 0.370 9.20 0.000
PDF: 0.380 9.20 0.000
PDF: 0.390 9.20 0.000
PDF: 0.400 9.20 0.000
PDF: 0.410 9.20 0.000
PDF: 0.420 9.20 0.000
PDF: 0.430 9.20 0.000
PDF: 0.440 9.20 0.000
PDF: 0.450 9.20 0.000
PDF: 0.460 9.20 0.000
PDF: 0.470 9.20 0.000
PDF: 0.480 9.20 0.000
PDF: 0.490 9.20 0.000
PDF: -0.500 9.40 0.000
PDF: -0.490 9.40 0.000
PDF: -0.480 9.40 0.000
PDF: -0.470 9.40 0.000
PDF: -0.460 9.40 0.000
PDF: -0.450 9.40 0.000
PDF: -0.440 9.40 0.000
PDF: -0.430 9.40 0.000
PDF: -0.420 9.40 0.000
PDF: -0.410 9.40 0.000
PDF: -0.400 9.40 0.000
PDF: -0.390 9.40 0.000
PDF: -0.380 9.40 0.000
PDF: -0.370 9.40 0.000
PDF: -0.360 9.40 0.000
PDF: -0.350 9.40 0.000
PDF: -0.340 9.40 0.000
PDF: -0.330 9.40 0.000
PDF: -0.320 9.40 0.000
PDF: -0.310 9.40 0.000
PDF: -0.300 9.40 0.000
PDF: -0.290 9.40 0.000
PDF: -0.280 9.40 0.000
PDF: -0.270 9.40 0.000
PDF: -0.260 9.40 0.000
PDF: -0.250 9.40 0.000
PDF: -0.240 9.40 0.000
PDF: -0.230 9.40 0.000
PDF: -0.220 9.40 0.000
PDF: -0.210 9.40 0.000
PDF: -0.200 9.40 0.000
PDF: -0.190 9.40 0.000
PDF: -0.180 9.40 0.000
PDF: -0.170 9.40 0.000
PDF: -0.160 9.40 0.000
PDF: -0.150 9.40 0.000
PDF: -0.140 9.40 0.002
PDF: -0.130 9.40 0.007
PDF: -0.120 9.40 0.023
PDF: -0.110 9.40 0.065
PDF: -0.100 9.40 0.152
PDF: -0.090 9.40 0.304
PDF: -0.080 9.40 0.519
PDF: -0.070 9.40 0.757
PDF: -0.060 9.40 0.941
PDF: -0.050 9.40 1.000
PDF: -0.040 9.40 0.994
PDF: -0.030 9.40 0.979
PDF: -0.020 9.40 0.956
PDF: -0.010 9.40 0.924
PDF: 0.000 9.40 0.885
PDF: 0.010 9.40 0.840
PDF: 0.020 9.40 0.790
PDF: 0.030 9.40 0.736
PDF: 0.040 9.40 0.679
PDF: 0.050 9.40 0.621
PDF: 0.060 9.40 0.562
PDF: 0.070 9.40 0.505
PDF: 0.080 9.40 0.449
PDF: 0.090 9.40 0.395
PDF: 0.100 9.40 0.345
PDF: 0.110 9.40 0.298
PDF: 0.120 9.40 0.256
PDF: 0.130 9.40 0.217
PDF: 0.140 9.40 0.182
PDF: 0.150 9.40 0.152
PDF: 0.160 9.40 0.125
PDF: 0.170 9.40 0.103
PDF: 0.180 9.40 0.083
PDF: 0.190 9.40 0.067
PDF: 0.200 9.40 0.053
PDF: 0.210 9.40 0.042
PDF: 0.220 9.40 0.033
PDF: 0.230 9.40 0.025
PDF: 0.240 9.40 0.019
PDF: 0.250 9.40 0.015
PDF: 0.260 9.40 0.011
PDF: 0.270 9.40 0.008
PDF: 0.280 9.40 0.006
PDF: 0.290 9.40 0.004
PDF: 0.300 9.40 0.003
PDF: 0.310 9.40 0.002
PDF: 0.320 9.40 0.002
PDF: 0.330 9.40 0.001
PDF: 0.340 9.40 0.001
PDF: 0.350 9.40 0.001
PDF: 0.360 9.40 0.000
PDF: 0.370 9.40 0.000
PDF: 0.380 9.40 0.000
PDF: 0.390 9.40 0.000
PDF: 0.400 9.40 0.000
PDF: 0.410 9.40 0.000
PDF: 0.420 9.40 0.000
PDF: 0.430 9.40 0.000
PDF: 0.440 9.40 0.000
PDF: 0.450 9.40 0.000
PDF: 0.460 9.40 0.000
PDF: 0.470 9.40 0.000
PDF: 0.480 9.40 0.000
PDF: 0.490 9.40 0.000
PDF: -0.500 9.60 0.000
PDF: -0.490 9.60 0.000
PDF: -0.480 9.60 0.000
PDF: -0.470 9.60 0.000
PDF: -0.460 9.60 0.000
PDF: -0.450 9.60 0.000
PDF: -0.440 9.60 0.000
PDF: -0.430 9.60 0.000
PDF: -0.420 9.60 0.000
PDF: -0.410 9.60 0.000
PDF: -0.400 9.60 0.000
PDF: -0.390 9.60 0.000
PDF: -0.380 9.60 0.000
PDF: -0.370 9.60 0.000
PDF: -0.360 9.60 0.000
PDF: -0.350 9.60 0.000
PDF: -0.340 9.60 0.000
PDF: -0.330 9.60 0.000
PDF: -0.320 9.60 0.000
PDF: -0.310 9.60 0.000
PDF: -0.300 9.60 0.000
PDF: -0.290 9.60 0.000
PDF: -0.280 9.60 0.000
PDF: -0.270 9.60 0.000
PDF: -0.260 9.60 0.000
PDF: -0.250 9.60 0.000
PDF: -0.240 9.60 0.000
PDF: -0.230 9.60 0.000
PDF: -0.220 9.60 0.000
PDF: -0.210 9.60 0.000
PDF: -0.200 9.60 0.000
PDF: -0.190 9.60 0.000
PDF: -0.180 9.60 0.000
PDF: -0.170 9.60 0.000
PDF: -0.160 9.60 0.000
PDF: -0.150 9.60 0.000
PDF: -0.140 9.60 0.000
PDF: -0.130 9.60 0.002
PDF: -0.120 9.60 0.009
PDF: -0.110 9.60 0.037
PDF: -0.100 9.60 0.120
PDF: -0.090 9.60 0.299
PDF: -0.080 9.60 0.577
PDF: -0.070 9.60 0.862
PDF: -0.060 9.60 1.000
PDF: -0.050 9.60 0.998
PDF: -0.040 9.60 0.990
PDF: -0.030 9.60 0.976
PDF: -0.020 9.60 0.957
PDF: -0.010 9.60 0.933
PDF: 0.000 9.60 0.904
PDF: 0.010 9.60 0.871
PDF: 0.020 9.60 0.835
PDF: 0.030 9.60 0.795
PDF: 0.040 9.60 0.753
PDF: 0.050 9.60 0.708
PDF: 0.060 9.60 0.663
PDF: 0.070 9.60 0.617
PDF: 0.080 9.60 0.571
PDF: 0.090 9.60 0.525
PDF: 0.100 9.60 0.480
PDF: 0.110 9.60 0.437
PDF: 0.120 9.60 0.395
PDF: 0.130 9.60 0.355
PDF: 0.140 9.60 0.317
PDF: 0.150 9.60 0.282
PDF: 0.160 9.60 0.249
PDF: 0.170 9.60 0.218
PDF: 0.180 9.60 0.191
PDF: 0.190 9.60 0.165
PDF: 0.200 9.60 0.143
PDF: 0.210 9.60 0.123
PDF: 0.220 9.60 0.105
PDF: 0.230 9.60 0.089
PDF: 0.240 9.60 0.075
PDF: 0.250 9.60 0.063
PDF: 0.260 9.60 0.052
PDF: 0.270 9.60 0.043
PDF: 0.280 9.60 0.036
PDF: 0.290 9.60 0.029
PDF: 0.300 9.60 0.024
PDF: 0.310 9.60 0.019
PDF: 0.320 9.60 0.016
PDF: 0.330 9.60 0.012
PDF: 0.340 9.60 0.010
PDF: 0.350 9.60 0.008
PDF: 0.360 9.60 0.006
PDF: 0.370 9.60 0.005
PDF: 0.380 9.60 0.004
PDF: 0.390 9.60 0.003
PDF: 0.400 9.60 0.002
PDF: 0.410 9.60 0.002
PDF: 0.420 9.60 0.001
PDF: 0.430 9.60 0.001
PDF: 0.440 9.60 0.001
PDF: 0.450 9.60 0.001
PDF: 0.460 9.60 0.000
PDF: 0.470 9.60 0.000
PDF: 0.480 9.60 0.000
PDF: 0.490 9.60 0.000
PDF: -0.500 9.80 0.000
PDF: -0.490 9.80 0.000
PDF: -0.480 9.80 0.000
PDF: -0.470 9.80 0.000
PDF: -0.460 9.80 0.000
PDF: -0.450 9.80 0.000
PDF: -0.440 9.80 0.000
PDF: -0.430 9.80 0.000
PDF: -0.420 9.80 0.000
PDF: -0.410 9.80 0.000
PDF: -0.400 9.80 0.000
PDF: -0.390 9.80 0.000
PDF: -0.380 9.80 0.000
PDF: -0.370 9.80 0.000
PDF: -0.360 9.80 0.000
PDF: -0.350 9.80 0.000
PDF: -0.340 9.80 0.000
PDF: -0.330 9.80 0.000
PDF: -0.320 9.80 0.000
PDF: -0.310 9.80 0.000
PDF: -0.300 9.80 0.000
PDF: -0.290 9.80 0.000
PDF: -0.280 9.80 0.000
PDF: -0.270 9.80 0.000
PDF: -0.260 9.80 0.000
PDF: -0.250 9.80 0.000
PDF: -0.240 9.80 0.000
PDF: -0.230 9.80 0.000
PDF: -0.220 9.80 0.000
PDF: -0.210 9.80 0.000
PDF: -0.200 9.80 0.000
PDF: -0.190 9.80 0.000
PDF: -0.180 9.80 0.000
PDF: -0.170 9.80 0.000
PDF: -0.160 9.80 0.000
PDF: -0.150 9.80 0.000
PDF: -0.140 9.80 0.000
PDF: -0.130 9.80 0.003
PDF: -0.120 9.80 0.014
PDF: -0.110 9.80 0.054
PDF: -0.100 9.80 0.160
PDF: -0.090 9.80 0.369
PDF: -0.080 9.80 0.660
PDF: -0.070 9.80 0.920
PDF: -0.060 9.80 1.000
PDF: -0.050 9.80 0.997
PDF: -0.040 9.80 0.990
PDF: -0.030 9.80 0.979
PDF: -0.020 9.80 0.965
PDF: -0.010 9.80 0.946
PDF: 0.000 9.80 0.924
PDF: 0.010 9.80 0.899
PDF: 0.020 9.80 0.871
PDF: 0.030 9.80 0.840
PDF: 0.040 9.80 0.807
PDF: 0.050 9.80 0.772
PDF: 0.060 9.80 0.736
PDF: 0.070 9.80 0.698
PDF: 0.080 9.80 0.660
PDF: 0.090 9.80 0.621
PDF: 0.100 9.80 0.582
PDF: 0.110 9.80 0.543
PDF: 0.120 9.80 0.505
PDF: 0.130 9.80 0.467
PDF: 0.140 9.80 0.431
PDF: 0.150 9.80 0.395
PDF: 0.160 9.80 0.361
PDF: 0.170 9.80 0.329
PDF: 0.180 9.80 0.298
PDF: 0.190 9.80 0.269
PDF: 0.200 9.80 0.242
PDF: 0.210 9.80 0.217
PDF: 0.220 9.80 0.193
PDF: 0.230 9.80 0.172
PDF: 0.240 9.80 0.152
PDF: 0.250 9.80 0.134
PDF: 0.260 9.80 0.117
PDF: 0.270 9.80 0.103
PDF: 0.280 9.80 0.089
PDF: 0.290 9.80 0.077
PDF: 0.300 9.80 0.067
PDF: 0.310 9.80 0.057
PDF: 0.320 9.80 0.049
PDF: 0.330 9.80 0.042
PDF: 0.340 9.80 0.035
PDF: 0.350 9.80 0.030
PDF: 0.360 9.80 0.025
PDF: 0.370 9.80 0.021
PDF: 0.380 9.80 0.018
PDF: 0.390 9.80 0.015
PDF: 0.400 9.80 0.012
PDF: 0.410 9.80 0.010
PDF: 0.420 9.80 0.008
PDF: 0.430 9.80 0.007
PDF: 0.440 9.80 0.005
PDF: 0.450 9.80 0.004
PDF: 0.460 9.80 0.004
PDF: 0.470 9.80 0.003
PDF: 0.480 9.80 0.002
PDF: 0.490 9.80 0.002
PDF: -0.500 10.00 0.000
PDF: -0.490 10.00 0.000
PDF: -0.480 10.00 0.000
PDF: -0.470 10.00 0.000
PDF: -0.460 10.00 0.000
PDF: -0.450 10.00 0.000
PDF: -0.440 10.00 0.000
PDF: -0.430 10.00 0.000
PDF: -0.420 10.00 0.000
PDF: -0.410 10.00 0.000
PDF: -0.400 10.00 0.000
PDF: -0.390 10.00 0.000
PDF: -0.380 10.00 0.000
PDF: -0.370 10.00 0.000
PDF: -0.360 10.00 0.000
PDF: -0.350 10.00 0.000
PDF: -0.340 10.00 0.000
PDF: -0.330 10.00 0.000
PDF: -0.320 10.00 0.000
PDF: -0.310 10.00 0.000
PDF: -0.300 10.00 0.000
PDF: -0.290 10.00 0.000
PDF: -0.280 10.00 0.000
PDF: -0.270 10.00 0.000
PDF: -0.260 10.00 0.000
PDF: -0.250 10.00 0.000
PDF: -0.240 10.00 0.000
PDF: -0.230 10.00 0.000
PDF: -0.220 10.00 0.000
PDF: -0.210 10.00 0.000
PDF: -0.200 10.00 0.000
PDF: -0.190 10.00 0.000
PDF: -0.180 10.00 0.000
PDF: -0.170 10.00 0.000
PDF: -0.160 10.00 0.000
PDF: -0.150 10.00 0.000
PDF: -0.140 10.00 0.000
PDF: -0.130 10.00 0.000
PDF: -0.120 10.00 0.003
PDF: -0.110 10.00 0.023
PDF: -0.100 10.00 0.106
PDF: -0.090 10.00 0.327
PDF: -0.080 10.00 0.683
PDF: -0.070 10.00 0.970
PDF: -0.060 10.00 1.000
PDF: -0.050 10.00 0.996
PDF: -0.040 10.00 0.987
PDF: -0.030 10.00 0.975
PDF: -0.020 10.00 0.959
PDF: -0.010 10.00 0.940
PDF: 0.000 10.00 0.917
PDF: 0.010 10.00 0.891
PDF: 0.020 10.00 0.863
PDF: 0.030 10.00 0.832
PDF: 0.040 10.00 0.798
PDF: 0.050 10.00 0.764
PDF: 0.060 10.00 0.727
PDF: 0.070 10.00 0.690
PDF: 0.080 10.00 0.652
PDF: 0.090 10.00 0.614
PDF: 0.100 10.00 0.575
PDF: 0.110 10.00 0.537
PDF: 0.120 10.00 0.499
PDF: 0.130 10.00 0.462
PDF: 0.140 10.00 0.426
PDF: 0.150 10.00 0.392
PDF: 0.160 10.00 0.358
PDF: 0.170 10.00 0.327
PDF: 0.180 10.00 0.296
PDF: 0.190 10.00 0.268
PDF: 0.200 10.00 0.241
PDF: 0.210 10.00 0.216
PDF: 0.220 10.00 0.193
PDF: 0.230 10.00 0.172
PDF: 0.240 10.00 0.152
PDF: 0.250 10.00 0.134
PDF: 0.260 10.00 0.118
PDF: 0.270 10.00 0.103
PDF: 0.280 10.00 0.090
PDF: 0.290 10.00 0.078
PDF: 0.300 10.00 0.068
PDF: 0.310 10.00 0.058
PDF: 0.320 10.00 0.050
PDF: 0.330 10.00 0.043
PDF: 0.340 10.00 0.036
PDF: 0.350 10.00 0.031
PDF: 0.360 10.00 0.026
PDF: 0.370 10.00 0.022
PDF: 0.380 10.00 0.018
PDF: 0.390 10.00 0.015
PDF: 0.400 10.00 0.013
PDF: 0.410 10.00 0.011
PDF: 0.420 10.00 0.009
PDF: 0.430 10.00 0.007
PDF: 0.440 10.00 0.006
PDF: 0.450 10.00 0.005
PDF: 0.460 10.00 0.004
PDF: 0.470 10.00 0.003
PDF: 0.480 10.00 0.002
PDF: 0.490 10.00 0.002
PDF: -0.500 10.20 0.000
PDF: -0.490 10.20 0.000
PDF: -0.480 10.20 0.000
PDF: -0.470 10.20 0.000
PDF: -0.460 10.20 0.000
PDF: -0.450 10.20 0.000
PDF: -0.440 10.20 0.000
PDF: -0.430 10.20 0.000
PDF: -0.420 10.20 0.000
PDF: -0.410 10.20 0.000
PDF: -0.400 10.20 0.000
PDF: -0.390 10.20 0.000
PDF: -0.380 10.20 0.000
PDF: -0.370 10.20 0.000
PDF: -0.360 10.20 0.000
PDF: -0.350 10.20 0.000
PDF: -0.340 10.20 0.000
PDF: -0.330 10.20 0.000
PDF: -0.320 10.20 0.000
PDF: -0.310 10.20 0.000
PDF: -0.300 10.20 0.000
PDF: -0.290 10.20 0.000
PDF: -0.280 10.20 0.000
PDF: -0.270 10.20 0.000
PDF: -0.260 10.20 0.000
PDF: -0.250 10.20 0.000
PDF: -0.240 10.20 0.000
PDF: -0.230 10.20 0.000
PDF: -0.220 10.20 0.000
PDF: -0.210 10.20 0.000
PDF: -0.200 10.20 0.000
PDF: -0.190 10.20 0.000
PDF: -0.180 10.20 0.000
PDF: -0.170 10.20 0.000
PDF: -0.160 10.20 0.000
PDF: -0.150 10.20 0.000
PDF: -0.140 10.20 0.000
PDF: -0.130 10.20 0.002
PDF: -0.120 10.20 0.009
PDF: -0.110 10.20 0.036
PDF: -0.100 10.20 0.117
PDF: -0.090 10.20 0.294
PDF: -0.080 10.20 0.570
PDF: -0.070 10.20 0.858
PDF: -0.060 10.20 1.000
PDF: -0.050 10.20 1.000
PDF: -0.040 10.20 0.994
PDF: -0.030 10.20 0.984
PDF: -0.020 10.20 0.971
PDF: -0.010 10.20 0.954
PDF: 0.000 10.20 0.933
PDF: 0.010 10.20 0.909
PDF: 0.020 10.20 0.882
PDF: 0.030 10.20 0.853
PDF: 0.040 10.20 0.821
PDF: 0.050 10.20 0.787
PDF: 0.060 10.20 0.751
PDF: 0.070 10.20 0.715
PDF: 0.080 10.20 0.677
PDF: 0.090 10.20 0.638
PDF: 0.100 10.20 0.600
PDF: 0.110 10.20 0.561
PDF: 0.120 10.20 0.523
PDF: 0.130 10.20 0.485
PDF: 0.140 10.20 0.449
PDF: 0.150 10.20 0.413
PDF: 0.160 10.20 0.379
PDF: 0.170 10.20 0.346
PDF: 0.180 10.20 0.315
PDF: 0.190 10.20 0.285
PDF: 0.200 10.20 0.257
PDF: 0.210 10.20 0.231
PDF: 0.220 10.20 0.207
PDF: 0.230 10.20 0.184
PDF: 0.240 10.20 0.163
PDF: 0.250 10.20 0.144
PDF: 0.260 10.20 0.127
PDF: 0.270 10.20 0.112
PDF: 0.280 10.20 0.097
PDF: 0.290 10.20 0.085
PDF: 0.300 10.20 0.073
PDF: 0.310 10.20 0.063
PDF: 0.320 10.20 0.054
PDF: 0.330 10.20 0.047
PDF: 0.340 10.20 0.040
PDF: 0.350 10.20 0.034
PDF: 0.360 10.20 0.028
PDF: 0.370 10.20 0.024
PDF: 0.380 10.20 0.020
PDF: 0.390 10.20 0.017
PDF: 0.400 10.20 0.014
PDF: 0.410 10.20 0.012
PDF: 0.420 10.20 0.010
PDF: 0.430 10.20 0.008
PDF: 0.440 10.20 0.006
PDF: 0.450 10.20 0.005
PDF: 0.460 10.20 0.004
PDF: 0.470 10.20 0.003
PDF: 0.480 10.20 0.003
PDF: 0.490 10.20 0.002
PDF: -0.500 10.40 0.000
PDF: -0.490 10.40 0.000
PDF: -0.480 10.40 0.000
PDF: -0.470 10.40 0.000
PDF: -0.460 10.40 0.000
PDF: -0.450 10.40 0.000
PDF: -0.440 10.40 0.000
PDF: -0.430 10.40 0.000
PDF: -0.420 10.40 0.000
PDF: -0.410 10.40 0.000
PDF: -0.400 10.40 0.000
PDF: -0.390 10.40 0.000
PDF: -0.380 10.40 0.000
PDF: -0.370 10.40 0.000
PDF: -0.360 10.40 0.000
PDF: -0.350 10.40 0.000
PDF: -0.340 10.40 0.000
PDF: -0.330 10.40 0.000
PDF: -0.320 10.40 0.000
PDF: -0.310 10.40 0.000
PDF: -0.300 10.40 0.000
PDF: -0.290 10.40 0.000
PDF: -0.280 10.40 0.000
PDF: -0.270 10.40 0.000
PDF: -0.260 10.40 0.000
PDF: -0.250 10.40 0.000
PDF: -0.240 10.40 0.000
PDF: -0.230 10.40 0.000
PDF: -0.220 10.40 0.000
PDF: -0.210 10.40 0.000
PDF: -0.200 10.40 0.000
PDF: -0.190 10.40 0.000
PDF: -0.180 10.40 0.000
PDF: -0.170 10.40 0.000
PDF: -0.160 10.40 0.000
PDF: -0.150 10.40 0.000
PDF: -0.140 10.40 0.000
PDF: -0.130 10.40 0.001
PDF: -0.120 10.40 0.007
PDF: -0.110 10.40 0.034
PDF: -0.100 10.40 0.115
PDF: -0.090 10.40 0.299
PDF: -0.080 10.40 0.590
PDF: -0.070 10.40 0.882
PDF: -0.060 10.40 1.000
PDF: -0.050 10.40 0.998
PDF: -0.040 10.40 0.992
PDF: -0.030 10.40 0.982
PDF: -0.020 10.40 0.968
PDF: -0.010 10.40 0.951
PDF: 0.000 10.40 0.930
PDF: 0.010 10.40 0.906
PDF: 0.020 10.40 0.879
PDF: 0.030 10.40 0.850
PDF: 0.040 10.40 0.818
PDF: 0.050 10.40 0.785
PDF: 0.060 10.40 0.749
PDF: 0.070 10.40 0.713
PDF: 0.080 10.40 0.676
PDF: 0.090 10.40 0.638
PDF: 0.100 10.40 0.599
PDF: 0.110 10.40 0.561
PDF: 0.120 10.40 0.523
PDF: 0.130 10.40 0.486
PDF: 0.140 10.40 0.450
PDF: 0.150 10.40 0.415
PDF: 0.160 10.40 0.380
PDF: 0.170 10.40 0.348
PDF: 0.180 10.40 0.317
PDF: 0.190 10.40 0.287
PDF: 0.200 10.40 0.260
PDF: 0.210 10.40 0.234
PDF: 0.220 10.40 0.209
PDF: 0.230 10.40 0.187
PDF: 0.240 10.40 0.166
PDF: 0.250 10.40 0.147
PDF: 0.260 10.40 0.130
PDF: 0.270 10.40 0.114
PDF: 0.280 10.40 0.100
PDF: 0.290 10.40 0.087
PDF: 0.300 10.40 0.076
PDF: 0.310 10.40 0.065
PDF: 0.320 10.40 0.056
PDF: 0.330 10.40 0.048
PDF: 0.340 10.40 0.041
PDF: 0.350 10.40 0.035
PDF: 0.360 10.40 0.030
PDF: 0.370 10.40 0.025
PDF: 0.380 10.40 0.021
PDF: 0.390 10.40 0.018
PDF: 0.400 10.40 0.015
PDF: 0.410 10.40 0.012
PDF: 0.420 10.40 0.010
PDF: 0.430 10.40 0.008
PDF: 0.440 10.40 0.007
PDF: 0.450 10.40 0.006
PDF: 0.460 10.40 0.005
PDF: 0.470 10.40 0.004
PDF: 0.480 10.40 0.003
PDF: 0.490 10.40 0.002
PDF: -0.500 10.60 0.000
PDF: -0.490 10.60 0.000
PDF: -0.480 10.60 0.000
PDF: -0.470 10.60 0.000
PDF: -0.460 10.60 0.000
PDF: -0.450 10.60 0.000
PDF: -0.440 10.60 0.000
PDF: -0.430 10.60 0.000
PDF: -0.420 10.60 0.000
PDF: -0.410 10.60 0.000
PDF: -0.400 10.60 0.000
PDF: -0.390 10.60 0.000
PDF: -0.380 10.60 0.000
PDF: -0.370 10.60 0.000
PDF: -0.360 10.60 0.000
PDF: -0.350 10.60 0.000
PDF: -0.340 10.60 0.000
PDF: -0.330 10.60 0.000
PDF: -0.320 10.60 0.000
PDF: -0.310 10.60 0.000
PDF: -0.300 10.60 0.000
PDF: -0.290 10.60 0.000
PDF: -0.280 10.60 0.000
PDF: -0.270 10.60 0.000
PDF: -0.260 10.60 0.000
PDF: -0.250 10.60 0.000
PDF: -0.240 10.60 0.000
PDF: -0.230 10.60 0.000
PDF: -0.220 10.60 0.000
PDF: -0.210 10.60 0.000
PDF: -0.200 10.60 0.000
PDF: -0.190 10.60 0.000
PDF: -0.180 10.60 0.000
PDF: -0.170 10.60 0.000
PDF: -0.160 10.60 0.000
PDF: -0.150 10.60 0.000
PDF: -0.140 10.60 0.000
PDF: -0.130 10.60 0.000
PDF: -0.120 10.60 0.001
PDF: -0.110 10.60 0.010
PDF: -0.100 10.60 0.061
PDF: -0.090 10.60 0.238
PDF: -0.080 10.60 0.592
PDF: -0.070 10.60 0.939
PDF: -0.060 10.60 1.000
PDF: -0.050 10.60 0.996
PDF: -0.040 10.60 0.987
PDF: -0.030 10.60 0.974
PDF: -0.020 10.60 0.956
PDF: -0.010 10.60 0.935
PDF: 0.000 10.60 0.910
PDF: 0.010 10.60 0.881
PDF: 0.020 10.60 0.850
PDF: 0.030 10.60 0.816
PDF: 0.040 10.60 0.780
PDF: 0.050 10.60 0.742
PDF: 0.060 10.60 0.703
PDF: 0.070 10.60 0.662
PDF: 0.080 10.60 0.622
PDF: 0.090 10.60 0.581
PDF: 0.100 10.60 0.540
PDF: 0.110 10.60 0.500
PDF: 0.120 10.60 0.461
PDF: 0.130 10.60 0.423
PDF: 0.140 10.60 0.386
PDF: 0.150 10.60 0.351
PDF: 0.160 10.60 0.318
PDF: 0.170 10.60 0.286
PDF: 0.180 10.60 0.257
PDF: 0.190 10.60 0.229
PDF: 0.200 10.60 0.204
PDF: 0.210 10.60 0.180
PDF: 0.220 10.60 0.159
PDF: 0.230 10.60 0.139
PDF: 0.240 10.60 0.121
PDF: 0.250 10.60 0.105
PDF: 0.260 10.60 0.091
PDF: 0.270 10.60 0.078
PDF: 0.280 10.60 0.067
PDF: 0.290 10.60 0.057
PDF: 0.300 10.60 0.049
PDF: 0.310 10.60 0.041
PDF: 0.320 10.60 0.035
PDF: 0.330 10.60 0.029
PDF: 0.340 10.60 0.024
PDF: 0.350 10.60 0.020
PDF: 0.360 10.60 0.017
PDF: 0.370 10.60 0.014
PDF: 0.380 10.60 0.011
PDF: 0.390 10.60 0.009
PDF: 0.400 10.60 0.007
PDF: 0.410 10.60 0.006
PDF: 0.420 10.60 0.005
PDF: 0.430 10.60 0.004
PDF: 0.440 10.60 0.003
PDF: 0.450 10.60 0.002
PDF: 0.460 10.60 0.002
PDF: 0.470 10.60 0.002
PDF: 0.480 10.60 0.001
PDF: 0.490 10.60 0.001
PDF: -0.500 10.80 0.000
PDF: -0.490 10.80 0.000
PDF: -0.480 10.80 0.000
PDF: -0.470 10.80 0.000
PDF: -0.460 10.80 0.000
PDF: -0.450 10.80 0.000
PDF: -0.440 10.80 0.000
PDF: -0.430 10.80 0.000
PDF: -0.420 10.80 0.000
PDF: -0.410 10.80 0.000
PDF: -0.400 10.80 0.000
PDF: -0.390 10.80 0.000
PDF: -0.380 10.80 0.000
PDF: -0.370 10.80 0.000
PDF: -0.360 10.80 0.000
PDF: -0.350 10.80 0.000
PDF: -0.340 10.80 0.000
PDF: -0.330 10.80 0.000
PDF: -0.320 10.80 0.000
PDF: -0.310 10.80 0.000
PDF: -0.300 10.80 0.000
PDF: -0.290 10.80 0.000
PDF: -0.280 10.80 0.000
PDF: -0.270 10.80 0.000
PDF: -0.260 10.80 0.000
PDF: -0.250 10.80 0.000
PDF: -0.240 10.80 0.000
PDF: -0.230 10.80 0.000
PDF: -0.220 10.80 0.000
PDF: -0.210 10.80 0.000
PDF: -0.200 10.80 0.000
PDF: -0.190 10.80 0.000
PDF: -0.180 10.80 0.000
PDF: -0.170 10.80 0.000
PDF: -0.160 10.80 0.000
PDF: -0.150 10.80 0.000
PDF: -0.140 10.80 0.000
PDF: -0.130 10.80 0.001
PDF: -0.120 10.80 0.007
PDF: -0.110 10.80 0.031
PDF: -0.100 10.80 0.111
PDF: -0.090 10.80 0.297
PDF: -0.080 10.80 0.593
PDF: -0.070 10.80 0.889
PDF: -0.060 10.80 1.000
PDF: -0.050 10.80 0.997
PDF: -0.040 10.80 0.988
PDF: -0.030 10.80 0.974
PDF: -0.020 10.80 0.955
PDF: -0.010 10.80 0.931
PDF: 0.000 10.80 0.902
PDF: 0.010 10.80 0.870
PDF: 0.020 10.80 0.834
PDF: 0.030 10.80 0.795
PDF: 0.040 10.80 0.754
PDF: 0.050 10.80 0.711
PDF: 0.060 10.80 0.667
PDF: 0.070 10.80 0.622
PDF: 0.080 10.80 0.577
PDF: 0.090 10.80 0.532
PDF: 0.100 10.80 0.488
PDF: 0.110 10.80 0.445
PDF: 0.120 10.80 0.403
PDF: 0.130 10.80 0.364
PDF: 0.140 10.80 0.326
PDF: 0.150 10.80 0.291
PDF: 0.160 10.80 0.258
PDF: 0.170 10.80 0.228
PDF: 0.180 10.80 0.200
PDF: 0.190 10.80 0.174
PDF: 0.200 10.80 0.151
PDF: 0.210 10.80 0.131
PDF: 0.220 10.80 0.112
PDF: 0.230 10.80 0.096
PDF: 0.240 10.80 0.081
PDF: 0.250 10.80 0.069
PDF: 0.260 10.80 0.058
PDF: 0.270 10.80 0.048
PDF: 0.280 10.80 0.040
PDF: 0.290 10.80 0.033
PDF: 0.300 10.80 0.027
PDF: 0.310 10.80 0.022
PDF: 0.320 10.80 0.018
PDF: 0.330 10.80 0.014
PDF: 0.340 10.80 0.012
PDF: 0.350 10.80 0.009
PDF: 0.360 10.80 0.007
PDF: 0.370 10.80 0.006
PDF: 0.380 10.80 0.005
PDF: 0.390 10.80 0.004
PDF: 0.400 10.80 0.003
PDF: 0.410 10.80 0.002
PDF: 0.420 10.80 0.002
PDF: 0.430 10.80 0.001
PDF: 0.440 10.80 0.001
PDF: 0.450 10.80 0.001
PDF: 0.460 10.80 0.001
PDF: 0.470 10.80 0.000
PDF: 0.480 10.80 0.000
PDF: 0.490 10.80 0.000
PDF: -0.500 11.00 0.000
PDF: -0.490 11.00 0.000
PDF: -0.480 11.00 0.000
PDF: -0.470 11.00 0.000
PDF: -0.460 11.00 0.000
PDF: -0.450 11.00 0.000
PDF: -0.440 11.00 0.000
PDF: -0.430 11.00 0.000
PDF: -0.420 11.00 0.000
PDF: -0.410 11.00 0.000
PDF: -0.400 11.00 0.000
PDF: -0.390 11.00 0.000
PDF: -0.380 11.00 0.000
PDF: -0.370 11.00 0.000
PDF: -0.360 11.00 0.000
PDF: -0.350 11.00 0.000
PDF: -0.340 11.00 0.000
PDF: -0.330 11.00 0.000
PDF: -0.320 11.00 0.000
PDF: -0.310 11.00 0.000
PDF: -0.300 11.00 0.000
PDF: -0.290 11.00 0.000
PDF: -0.280 11.00 0.000
PDF: -0.270 11.00 0.000
PDF: -0.260 11.00 0.000
PDF: -0.250 11.00 0.000
PDF: -0.240 11.00 0.000
PDF: -0.230 11.00 0.000
PDF: -0.220 11.00 0.000
PDF: -0.210 11.00 0.000
PDF: -0.200 11.00 0.000
PDF: -0.190 11.00 0.000
PDF: -0.180 11.00 0.000
PDF: -0.170 11.00 0.000
PDF: -0.160 11.00 0.000
PDF: -0.150 11.00 0.000
PDF: -0.140 11.00 0.001
PDF: -0.130 11.00 0.004
PDF: -0.120 11.00 0.015
PDF: -0.110 11.00 0.046
PDF: -0.100 11.00 0.119
PDF: -0.090 11.00 0.261
PDF: -0.080 11.00 0.477
PDF: -0.070 11.00 0.729
PDF: -0.060 11.00 0.933
PDF: -0.050 11.00 1.000
PDF: -0.040 11.00 0.995
PDF: -0.030 11.00 0.984
PDF: -0.020 11.00 0.965
PDF: -0.010 11.00 0.940
PDF: 0.000 11.00 0.909
PDF: 0.010 11.00 0.872
PDF: 0.020 11.00 0.831
PDF: 0.030 11.00 0.786
PDF: 0.040 11.00 0.738
PDF: 0.050 11.00 0.688
PDF: 0.060 11.00 0.636
PDF: 0.070 11.00 0.585
PDF: 0.080 11.00 0.533
PDF: 0.090 11.00 0.482
PDF: 0.100 11.00 0.434
PDF: 0.110 11.00 0.387
PDF: 0.120 11.00 0.343
PDF: 0.130 11.00 0.301
PDF: 0.140 11.00 0.263
PDF: 0.150 11.00 0.228
PDF: 0.160 11.00 0.196
PDF: 0.170 11.00 0.167
PDF: 0.180 11.00 0.142
PDF: 0.190 11.00 0.119
PDF: 0.200 11.00 0.100
PDF: 0.210 11.00 0.083
PDF: 0.220 11.00 0.068
PDF: 0.230 11.00 0.056
PDF: 0.240 11.00 0.045
PDF: 0.250 11.00 0.036
PDF: 0.260 11.00 0.029
PDF: 0.270 11.00 0.023
PDF: 0.280 11.00 0.018
PDF: 0.290 11.00 0.014
PDF: 0.300 11.00 0.011
PDF: 0.310 11.00 0.008
PDF: 0.320 11.00 0.006
PDF: 0.330 11.00 0.005
PDF: 0.340 11.00 0.004
PDF: 0.350 11.00 0.003
PDF: 0.360 11.00 0.002
PDF: 0.370 11.00 0.002
PDF: 0.380 11.00 0.001
PDF: 0.390 11.00 0.001
PDF: 0.400 11.00 0.001
PDF: 0.410 11.00 0.000
PDF: 0.420 11.00 0.000
PDF: 0.430 11.00 0.000
PDF: 0.440 11.00 0.000
PDF: 0.450 11.00 0.000
PDF: 0.460 11.00 0.000
PDF: 0.470 11.00 0.000
PDF: 0.480 11.00 0.000
PDF: 0.490 11.00 0.000
PDF: -0.500 11.20 0.000
PDF: -0.490 11.20 0.000
PDF: -0.480 11.20 0.000
PDF: -0.470 11.20 0.000
PDF: -0.460 11.20 0.000
PDF: -0.450 11.20 0.000
PDF: -0.440 11.20 0.000
PDF: -0.430 11.20 0.000
PDF: -0.420 11.20 0.000
PDF: -0.410 11.20 0.000
PDF: -0.400 11.20 0.000
PDF: -0.390 11.20 0.000
PDF: -0.380 11.20 0.000
PDF: -0.370 11.20 0.000
PDF: -0.360 11.20 0.000
PDF: -0.350 11.20 0.000
PDF: -0.340 11.20 0.000
PDF: -0.330 11.20 0.000
PDF: -0.320 11.20 0.000
PDF: -0.310 11.20 0.000
PDF: -0.300 11.20 0.000
PDF: -0.290 11.20 0.000
PDF: -0.280 11.20 0.000
PDF: -0.270 11.20 0.000
PDF: -0.260 11.20 0.000
PDF: -0.250 11.20 0.000
PDF: -0.240 11.20 0.000
PDF: -0.230 11.20 0.000
PDF: -0.220 11.20 0.000
PDF: -0.210 11.20 0.000
PDF: -0.200 11.20 0.000
PDF: -0.190 11.20 0.000
PDF: -0.180 11.20 0.000
PDF: -0.170 11.20 0.000
PDF: -0.160 11.20 0.000
PDF: -0.150 11.20 0.000
PDF: -0.140 11.20 0.001
PDF: -0.130 11.20 0.005
PDF: -0.120 11.20 0.018
PDF: -0.110 11.20 0.054
PDF: -0.100 11.20 0.136
PDF: -0.090 11.20 0.289
PDF: -0.080 11.20 0.513
PDF: -0.070 11.20 0.764
PDF: -0.060 11.20 0.952
PDF: -0.050 11.20 1.000
PDF: -0.040 11.20 0.994
PDF: -0.030 11.20 0.982
PDF: -0.020 11.20 0.962
PDF: -0.010 11.20 0.935
PDF: 0.000 11.20 0.903
PDF: 0.010 11.20 0.865
PDF: 0.020 11.20 0.823
PDF: 0.030 11.20 0.777
PDF: 0.040 11.20 0.728
PDF: 0.050 11.20 0.677
PDF: 0.060 11.20 0.626
PDF: 0.070 11.20 0.573
PDF: 0.080 11.20 0.522
PDF: 0.090 11.20 0.471
PDF: 0.100 11.20 0.422
PDF: 0.110 11.20 0.376
PDF: 0.120 11.20 0.332
PDF: 0.130 11.20 0.291
PDF: 0.140 11.20 0.253
PDF: 0.150 11.20 0.219
PDF: 0.160 11.20 0.188
PDF: 0.170 11.20 0.160
PDF: 0.180 11.20 0.135
PDF: 0.190 11.20 0.113
PDF: 0.200 11.20 0.094
PDF: 0.210 11.20 0.078
PDF: 0.220 11.20 0.064
PDF: 0.230 11.20 0.052
PDF: 0.240 11.20 0.042
PDF: 0.250 11.20 0.034
PDF: 0.260 11.20 0.027
PDF: 0.270 11.20 0.021
PDF: 0.280 11.20 0.017
PDF: 0.290 11.20 0.013
PDF: 0.300 11.20 0.010
PDF: 0.310 11.20 0.008
PDF: 0.320 11.20 0.006
PDF: 0.330 11.20 0.004
PDF: 0.340 11.20 0.003
PDF: 0.350 11.20 0.002
PDF: 0.360 11.20 0.002
PDF: 0.370 11.20 0.001
PDF: 0.380 11.20 0.001
PDF: 0.390 11.20 0.001
PDF: 0.400 11.20 0.001
PDF: 0.410 11.20 0.000
PDF: 0.420 11.20 0.000
PDF: 0.430 11.20 0.000
PDF: 0.440 11.20 0.000
PDF: 0.450 11.20 0.000
PDF: 0.460 11.20 0.000
PDF: 0.470 11.20 0.000
PDF: 0.480 11.20 0.000
PDF: 0.490 11.20 0.000
PDF: -0.500 11.40 0.000
PDF: -0.490 11.40 0.000
PDF: -0.480 11.40 0.000
PDF: -0.470 11.40 0.000
PDF: -0.460 11.40 0.000
PDF: -0.450 11.40 0.000
PDF: -0.440 11.40 0.000
PDF: -0.430 11.40 0.000
PDF: -0.420 11.40 0.000
PDF: -0.410 11.40 0.000
PDF: -0.400 11.40 0.000
PDF: -0.390 11.40 0.000
PDF: -0.380 11.40 0.000
PDF: -0.370 11.40 0.000
PDF: -0.360 11.40 0.000
PDF: -0.350 11.40 0.000
PDF: -0.340 11.40 0.000
PDF: -0.330 11.40 0.000
PDF: -0.320 11.40 0.000
PDF: -0.310 11.40 0.000
PDF: -0.300 11.40 0.000
PDF: -0.290 11.40 0.000
PDF: -0.280 11.40 0.000
PDF: -0.270 11.40 0.000
PDF: -0.260 11.40 0.000
PDF: -0.250 11.40 0.000
PDF: -0.240 11.40 0.000
PDF: -0.230 11.40 0.000
PDF: -0.220 11.40 0.000
PDF: -0.210 11.40 0.000
PDF: -0.200 11.40 0.000
PDF: -0.190 11.40 0.000
PDF: -0.180 11.40 0.000
PDF: -0.170 11.40 0.000
PDF: -0.160 11.40 0.000
PDF: -0.150 11.40 0.000
PDF: -0.140 11.40 0.001
PDF: -0.130 11.40 0.004
PDF: -0.120 11.40 0.016
PDF: -0.110 11.40 0.049
PDF: -0.100 11.40 0.125
PDF: -0.090 11.40 0.271
PDF: -0.080 11.40 0.490
PDF: -0.070 11.40 0.741
PDF: -0.060 11.40 0.940
PDF: -0.050 11.40 1.000
PDF: -0.040 11.40 0.993
PDF: -0.030 11.40 0.975
PDF: -0.020 11.40 0.947
PDF: -0.010 11.40 0.910
PDF: 0.000 11.40 0.865
PDF: 0.010 11.40 0.814
PDF: 0.020 11.40 0.757
PDF: 0.030 11.40 0.697
PDF: 0.040 11.40 0.634
PDF: 0.050 11.40 0.571
PDF: 0.060 11.40 0.509
PDF: 0.070 11.40 0.448
PDF: 0.080 11.40 0.391
PDF: 0.090 11.40 0.337
PDF: 0.100 11.40 0.288
PDF: 0.110 11.40 0.243
PDF: 0.120 11.40 0.203
PDF: 0.130 11.40 0.167
PDF: 0.140 11.40 0.137
PDF: 0.150 11.40 0.110
PDF: 0.160 11.40 0.088
PDF: 0.170 11.40 0.070
PDF: 0.180 11.40 0.055
PDF: 0.190 11.40 0.042
PDF: 0.200 11.40 0.032
PDF: 0.210 11.40 0.024
PDF: 0.220 11.40 0.018
PDF: 0.230 11.40 0.014
PDF: 0.240 11.40 0.010
PDF: 0.250 11.40 0.007
PDF: 0.260 11.40 0.005
PDF: 0.270 11.40 0.004
PDF: 0.280 11.40 0.003
PDF: 0.290 11.40 0.002
PDF: 0.300 11.40 0.001
PDF: 0.310 11.40 0.001
PDF: 0.320 11.40 0.001
PDF: 0.330 11.40 0.000
PDF: 0.340 11.40 0.000
PDF: 0.350 11.40 0.000
PDF: 0.360 11.40 0.000
PDF: 0.370 11.40 0.000
PDF: 0.380 11.40 0.000
PDF: 0.390 11.40 0.000
PDF: 0.400 11.40 0.000
PDF: 0.410 11.40 0.000
PDF: 0.420 11.40 0.000
PDF: 0.430 11.40 0.000
PDF: 0.440 11.40 0.000
PDF: 0.450 11.40 0.000
PDF: 0.460 11.40 0.000
PDF: 0.470 11.40 0.000
PDF: 0.480 11.40 0.000
PDF: 0.490 11.40 0.000
PDF: -0.500 11.60 0.000
PDF: -0.490 11.60 0.000
PDF: -0.480 11.60 0.000
PDF: -0.470 11.60 0.000
PDF: -0.460 11.60 0.000
PDF: -0.450 11.60 0.000
PDF: -0.440 11.60 0.000
PDF: -0.430 11.60 0.000
PDF: -0.420 11.60 0.000
PDF: -0.410 11.60 0.000
PDF: -0.400 11.60 0.000
PDF: -0.390 11.60 0.000
PDF: -0.380 11.60 0.000
PDF: -0.370 11.60 0.000
PDF: -0.360 11.60 0.000
PDF: -0.350 11.60 0.000
PDF: -0.340 11.60 0.000
PDF: -0.330 11.60 0.000
PDF: -0.320 11.60 0.000
PDF: -0.310 11.60 0.000
PDF: -0.300 11.60 0.000
PDF: -0.290 11.60 0.000
PDF: -0.280 11.60 0.000
PDF: -0.270 11.60 0.000
PDF: -0.260 11.60 0.000
PDF: -0.250 11.60 0.000
PDF: -0.240 11.60 0.000
PDF: -0.230 11.60 0.000
PDF: -0.220 11.60 0.000
PDF: -0.210 11.60 0.000
PDF: -0.200 11.60 0.000
PDF: -0.190 11.60 0.000
PDF: -0.180 11.60 0.000
PDF: -0.170 11.60 0.000
PDF: -0.160 11.60 0.000
PDF: -0.150 11.60 0.001
PDF: -0.140 11.60 0.004
PDF: -0.130 11.60 0.010
PDF: -0.120 11.60 0.022
PDF: -0.110 11.60 0.048
PDF: -0.100 11.60 0.093
PDF: -0.090 11.60 0.168
PDF: -0.080 11.60 0.278
PDF: -0.070 11.60 0.424
PDF: -0.060 11.60 0.594
PDF: -0.050 11.60 0.766
PDF: -0.040 11.60 0.908
PDF: -0.030 11.60 0.991
PDF: -0.020 11.60 1.000
PDF: -0.010 11.60 0.962
PDF: 0.000 11.60 0.889
PDF: 0.010 11.60 0.789
PDF: 0.020 11.60 0.673
PDF: 0.030 11.60 0.550
PDF: 0.040 11.60 0.432
PDF: 0.050 11.60 0.326
PDF: 0.060 11.60 0.237
PDF: 0.070 11.60 0.165
PDF: 0.080 11.60 0.110
PDF: 0.090 11.60 0.071
PDF: 0.100 11.60 0.043
PDF: 0.110 11.60 0.026
PDF: 0.120 11.60 0.015
PDF: 0.130 11.60 0.008
PDF: 0.140 11.60 0.004
PDF: 0.150 11.60 0.002
PDF: 0.160 11.60 0.001
PDF: 0.170 11.60 0.000
PDF: 0.180 11.60 0.000
PDF: 0.190 11.60 0.000
PDF: 0.200 11.60 0.000
PDF: 0.210 11.60 0.000
PDF: 0.220 11.60 0.000
PDF: 0.230 11.60 0.000
PDF: 0.240 11.60 0.000
PDF: 0.250 11.60 0.000
PDF: 0.260 11.60 0.000
PDF: 0.270 11.60 0.000
PDF: 0.280 11.60 0.000
PDF: 0.290 11.60 0.000
PDF: 0.300 11.60 0.000
PDF: 0.310 11.60 0.000
PDF: 0.320 11.60 0.000
PDF: 0.330 11.60 0.000
PDF: 0.340 11.60 0.000
PDF: 0.350 11.60 0.000
PDF: 0.360 11.60 0.000
PDF: 0.370 11.60 0.000
PDF: 0.380 11.60 0.000
PDF: 0.390 11.60 0.000
PDF: 0.400 11.60 0.000
PDF: 0.410 11.60 0.000
PDF: 0.420 11.60 0.000
PDF: 0.430 11.60 0.000
PDF: 0.440 11.60 0.000
PDF: 0.450 11.60 0.000
PDF: 0.460 11.60 0.000
PDF: 0.470 11.60 0.000
PDF: 0.480 11.60 0.000
PDF: 0.490 11.60 0.000
PDF: -0.500 11.80 0.000
PDF: -0.490 11.80 0.000
PDF: -0.480 11.80 0.000
PDF: -0.470 11.80 0.000
PDF: -0.460 11.80 0.000
PDF: -0.450 11.80 0.000
PDF: -0.440 11.80 0.000
PDF: -0.430 11.80 0.000
PDF: -0.420 11.80 0.000
PDF: -0.410 11.80 0.000
PDF: -0.400 11.80 0.000
PDF: -0.390 11.80 0.000
PDF: -0.380 11.80 0.000
PDF: -0.370 11.80 0.000
PDF: -0.360 11.80 0.000
PDF: -0.350 11.80 0.000
PDF: -0.340 11.80 0.000
PDF: -0.330 11.80 0.000
PDF: -0.320 11.80 0.000
PDF: -0.310 11.80 0.000
PDF: -0.300 11.80 0.000
PDF: -0.290 11.80 0.000
PDF: -0.280 11.80 0.000
PDF: -0.270 11.80 0.000
PDF: -0.260 11.80 0.000
PDF: -0.250 11.80 0.000
PDF: -0.240 11.80 0.000
PDF: -0.230 11.80 0.000
PDF: -0.220 11.80 0.000
PDF: -0.210 11.80 0.001
PDF: -0.200 11.80 0.002
PDF: -0.190 11.80 0.005
PDF: -0.180 11.80 0.011
PDF: -0.170 11.80 0.023
PDF: -0.160 11.80 0.045
PDF: -0.150 11.80 0.083
PDF: -0.140 11.80 0.143
PDF: -0.130 11.80 0.230
PDF: -0.120 11.80 0.346
PDF: -0.110 11.80 0.487
PDF: -0.100 11.80 0.642
PDF: -0.090 11.80 0.791
PDF: -0.080 11.80 0.913
PDF: -0.070 11.80 0.986
PDF: -0.060 11.80 1.000
PDF: -0.050 11.80 0.996
PDF: -0.040 11.80 0.987
PDF: -0.030 11.80 0.974
PDF: -0.020 11.80 0.957
PDF: -0.010 11.80 0.935
PDF: 0.000 11.80 0.909
PDF: 0.010 11.80 0.881
PDF: 0.020 11.80 0.848
PDF: 0.030 11.80 0.814
PDF: 0.040 11.80 0.777
PDF: 0.050 11.80 0.738
PDF: 0.060 11.80 0.698
PDF: 0.070 11.80 0.657
PDF: 0.080 11.80 0.615
PDF: 0.090 11.80 0.573
PDF: 0.100 11.80 0.532
PDF: 0.110 11.80 0.491
PDF: 0.120 11.80 0.451
PDF: 0.130 11.80 0.413
PDF: 0.140 11.80 0.376
PDF: 0.150 11.80 0.341
PDF: 0.160 11.80 0.307
PDF: 0.170 11.80 0.276
PDF: 0.180 11.80 0.246
PDF: 0.190 11.80 0.219
PDF: 0.200 11.80 0.194
PDF: 0.210 11.80 0.171
PDF: 0.220 11.80 0.150
PDF: 0.230 11.80 0.131
PDF: 0.240 11.80 0.113
PDF: 0.250 11.80 0.098
PDF: 0.260 11.80 0.084
PDF: 0.270 11.80 0.072
PDF: 0.280 11.80 0.061
PDF: 0.290 11.80 0.052
PDF: 0.300 11.80 0.044
PDF: 0.310 11.80 0.037
PDF: 0.320 11.80 0.031
PDF: 0.330 11.80 0.026
PDF: 0.340 11.80 0.021
PDF: 0.350 11.80 0.018
PDF: 0.360 11.80 0.014
PDF: 0.370 11.80 0.012
PDF: 0.380 11.80 0.010
PDF: 0.390 11.80 0.008
PDF: 0.400 11.80 0.006
PDF: 0.410 11.80 0.005
PDF: 0.420 11.80 0.004
PDF: 0.430 11.80 0.003
PDF: 0.440 11.80 0.002
PDF: 0.450 11.80 0.002
PDF: 0.460 11.80 0.002
PDF: 0.470 11.80 0.001
PDF: 0.480 11.80 0.001
PDF: 0.490 11.80 0.001

VARNAMES: SALT2x1 LOGMASS PROB
PDF: -5.000 7.80 0.000
PDF: -4.900 7.80 0.000
PDF: -4.800 7.80 0.000
PDF: -4.700 7.80 0.000
PDF: -4.600 7.80 0.000
PDF: -4.500 7.80 0.000
PDF: -4.400 7.80 0.000
PDF: -4.300 7.80 0.000
PDF: -4.200 7.80 0.000
PDF: -4.100 7.80 0.000
PDF: -4.000 7.80 0.000
PDF: -3.900 7.80 0.000
PDF: -3.800 7.80 0.000
PDF: -3.700 7.80 0.000
PDF: -3.600 7.80 0.000
PDF: -3.500 7.80 0.000
PDF: -3.400 7.80 0.000
PDF: -3.300 7.80 0.000
PDF: -3.200 7.80 0.000
PDF: -3.100 7.80 0.000
PDF: -3.000 7.80 0.000
PDF: -2.900 7.80 0.000
PDF: -2.800 7.80 0.000
PDF: -2.700 7.80 0.000
PDF: -2.600 7.80 0.000
PDF: -2.500 7.80 0.000
PDF: -2.400 7.80 0.000
PDF: -2.300 7.80 0.000
PDF: -2.200 7.80 0.000
PDF: -2.100 7.80 0.000
PDF: -2.000 7.80 0.000
PDF: -1.900 7.80 0.000
PDF: -1.800 7.80 0.000
PDF: -1.700 7.80 0.000
PDF: -1.600 7.80 0.000
PDF: -1.500 7.80 0.000
PDF: -1.400 7.80 0.001
PDF: -1.300 7.80 0.001
PDF: -1.200 7.80 0.003
PDF: -1.100 7.80 0.005
PDF: -1.000 7.80 0.010
PDF: -0.900 7.80 0.017
PDF: -0.800 7.80 0.030
PDF: -0.700 7.80 0.050
PDF: -0.600 7.80 0.081
PDF: -0.500 7.80 0.124
PDF: -0.400 7.80 0.183
PDF: -0.300 7.80 0.260
PDF: -0.200 7.80 0.354
PDF: -0.100 7.80 0.464
PDF: -0.000 7.80 0.583
PDF: 0.100 7.80 0.704
PDF: 0.200 7.80 0.817
PDF: 0.300 7.80 0.910
PDF: 0.400 7.80 0.973
PDF: 0.500 7.80 1.000
PDF: 0.600 7.80 0.980
PDF: 0.700 7.80 0.906
PDF: 0.800 7.80 0.788
PDF: 0.900 7.80 0.646
PDF: 1.000 7.80 0.499
PDF: 1.100 7.80 0.363
PDF: 1.200 7.80 0.248
PDF: 1.300 7.80 0.160
PDF: 1.400 7.80 0.097
PDF: 1.500 7.80 0.056
PDF: 1.600 7.80 0.030
PDF: 1.700 7.80 0.015
PDF: 1.800 7.80 0.007
PDF: 1.900 7.80 0.003
PDF: 2.000 7.80 0.001
PDF: 2.100 7.80 0.001
PDF: 2.200 7.80 0.000
PDF: 2.300 7.80 0.000
PDF: 2.400 7.80 0.000
PDF: 2.500 7.80 0.000
PDF: 2.600 7.80 0.000
PDF: 2.700 7.80 0.000
PDF: 2.800 7.80 0.000
PDF: 2.900 7.80 0.000
PDF: 3.000 7.80 0.000
PDF: 3.100 7.80 0.000
PDF: 3.200 7.80 0.000
PDF: 3.300 7.80 0.000
PDF: 3.400 7.80 0.000
PDF: 3.500 7.80 0.000
PDF: 3.600 7.80 0.000
PDF: 3.700 7.80 0.000
PDF: 3.800 7.80 0.000
PDF: 3.900 7.80 0.000
PDF: 4.000 7.80 0.000
PDF: 4.100 7.80 0.000
PDF: 4.200 7.80 0.000
PDF: 4.300 7.80 0.000
PDF: 4.400 7.80 0.000
PDF: 4.500 7.80 0.000
PDF: 4.600 7.80 0.000
PDF: 4.700 7.80 0.000
PDF: 4.800 7.80 0.000
PDF: 4.900 7.80 0.000
PDF: -5.000 8.00 0.000
PDF: -4.900 8.00 0.000
PDF: -4.800 8.00 0.000
PDF: -4.700 8.00 0.000
PDF: -4.600 8.00 0.000
PDF: -4.500 8.00 0.000
PDF: -4.400 8.00 0.000
PDF: -4.300 8.00 0.000
PDF: -4.200 8.00 0.000
PDF: -4.100 8.00 0.000
PDF: -4.000 8.00 0.000
PDF: -3.900 8.00 0.000
PDF: -3.800 8.00 0.000
PDF: -3.700 8.00 0.000
PDF: -3.600 8.00 0.000
PDF: -3.500 8.00 0.000
PDF: -3.400 8.00 0.000
PDF: -3.300 8.00 0.000
PDF: -3.200 8.00 0.000
PDF: -3.100 8.00 0.000
PDF: -3.000 8.00 0.000
PDF: -2.900 8.00 0.000
PDF: -2.800 8.00 0.000
PDF: -2.700 8.00 0.000
PDF: -2.600 8.00 0.000
PDF: -2.500 8.00 0.000
PDF: -2.400 8.00 0.000
PDF: -2.300 8.00 0.000
PDF: -2.200 8.00 0.000
PDF: -2.100 8.00 0.000
PDF: -2.000 8.00 0.000
PDF: -1.900 8.00 0.000
PDF: -1.800 8.00 0.000
PDF: -1.700 8.00 0.000
PDF: -1.600 8.00 0.000
PDF: -1.500 8.00 0.000
PDF: -1.400 8.00 0.000
PDF: -1.300 8.00 0.000
PDF: -1.200 8.00 0.000
PDF: -1.100 8.00 0.000
PDF: -1.000 8.00 0.000
PDF: -0.900 8.00 0.000
PDF: -0.800 8.00 0.001
PDF: -0.700 8.00 0.002
PDF: -0.600 8.00 0.006
PDF: -0.500 8.00 0.015
PDF: -0.400 8.00 0.034
PDF: -0.300 8.00 0.070
PDF: -0.200 8.00 0.132
PDF: -0.100 8.00 0.230
PDF: -0.000 8.00 0.367
PDF: 0.100 8.00 0.535
PDF: 0.200 8.00 0.714
PDF: 0.300 8.00 0.872
PDF: 0.400 8.00 0.976
PDF: 0.500 8.00 1.000
PDF: 0.600 8.00 0.937
PDF: 0.700 8.00 0.801
PDF: 0.800 8.00 0.626
PDF: 0.900 8.00 0.447
PDF: 1.000 8.00 0.292
PDF: 1.100 8.00 0.174
PDF: 1.200 8.00 0.095
PDF: 1.300 8.00 0.047
PDF: 1.400 8.00 0.021
PDF: 1.500 8.00 0.009
PDF: 1.600 8.00 0.003
PDF: 1.700 8.00 0.001
PDF: 1.800 8.00 0.000
PDF: 1.900 8.00 0.000
PDF: 2.000 8.00 0.000
PDF: 2.100 8.00 0.000
PDF: 2.200 8.00 0.000
PDF: 2.300 8.00 0.000
PDF: 2.400 8.00 0.000
PDF: 2.500 8.00 0.000
PDF: 2.600 8.00 0.000
PDF: 2.700 8.00 0.000
PDF: 2.800 8.00 0.000
PDF: 2.900 8.00 0.000
PDF: 3.000 8.00 0.000
PDF: 3.100 8.00 0.000
PDF: 3.200 8.00 0.000
PDF: 3.300 8.00 0.000
PDF: 3.400 8.00 0.000
PDF: 3.500 8.00 0.000
PDF: 3.600 8.00 0.000
PDF: 3.700 8.00 0.000
PDF: 3.800 8.00 0.000
PDF: 3.900 8.00 0.000
PDF: 4.000 8.00 0.000
PDF: 4.100 8.00 0.000
PDF: 4.200 8.00 0.000
PDF: 4.300 8.00 0.000
PDF: 4.400 8.00 0.000
PDF: 4.500 8.00 0.000
PDF: 4.600 8.00 0.000
PDF: 4.700 8.00 0.000
PDF: 4.800 8.00 0.000
PDF: 4.900 8.00 0.000
PDF: -5.000 8.20 0.000
PDF: -4.900 8.20 0.000
PDF: -4.800 8.20 0.000
PDF: -4.700 8.20 0.000
PDF: -4.600 8.20 0.000
PDF: -4.500 8.20 0.000
PDF: -4.400 8.20 0.000
PDF: -4.300 8.20 0.000
PDF: -4.200 8.20 0.000
PDF: -4.100 8.20 0.000
PDF: -4.000 8.20 0.000
PDF: -3.900 8.20 0.000
PDF: -3.800 8.20 0.000
PDF: -3.700 8.20 0.000
PDF: -3.600 8.20 0.000
PDF: -3.500 8.20 0.000
PDF: -3.400 8.20 0.000
PDF: -3.300 8.20 0.000
PDF: -3.200 8.20 0.000
PDF: -3.100 8.20 0.000
PDF: -3.000 8.20 0.000
PDF: -2.900 8.20 0.000
PDF: -2.800 8.20 0.000
PDF: -2.700 8.20 0.000
PDF: -2.600 8.20 0.000
PDF: -2.500 8.20 0.000
PDF: -2.400 8.20 0.000
PDF: -2.300 8.20 0.000
PDF: -2.200 8.20 0.000
PDF: -2.100 8.20 0.000
PDF: -2.000 8.20 0.000
PDF: -1.900 8.20 0.000
PDF: -1.800 8.20 0.000
PDF: -1.700 8.20 0.000
PDF: -1.600 8.20 0.000
PDF: -1.500 8.20 0.000
PDF: -1.400 8.20 0.000
PDF: -1.300 8.20 0.000
PDF: -1.200 8.20 0.000
PDF: -1.100 8.20 0.000
PDF: -1.000 8.20 0.001
PDF: -0.900 8.20 0.002
PDF: -0.800 8.20 0.005
PDF: -0.700 8.20 0.011
PDF: -0.600 8.20 0.025
PDF: -0.500 8.20 0.052
PDF: -0.400 8.20 0.099
PDF: -0.300 8.20 0.175
PDF: -0.200 8.20 0.284
PDF: -0.100 8.20 0.426
PDF: -0.000 8.20 0.592
PDF: 0.100 8.20 0.759
PDF: 0.200 8.20 0.900
PDF: 0.300 8.20 0.987
PDF: 0.400 8.20 1.000
PDF: 0.500 8.20 0.937
PDF: 0.600 8.20 0.813
PDF: 0.700 8.20 0.653
PDF: 0.800 8.20 0.485
PDF: 0.900 8.20 0.333
PDF: 1.000 8.20 0.212
PDF: 1.100 8.20 0.125
PDF: 1.200 8.20 0.068
PDF: 1.300 8.20 0.034
PDF: 1.400 8.20 0.016
PDF: 1.500 8.20 0.007
PDF: 1.600 8.20 0.003
PDF: 1.700 8.20 0.001
PDF: 1.800 8.20 0.000
PDF: 1.900 8.20 0.000
PDF: 2.000 8.20 0.000
PDF: 2.100 8.20 0.000
PDF: 2.200 8.20 0.000
PDF: 2.300 8.20 0.000
PDF: 2.400 8.20 0.000
PDF: 2.500 8.20 0.000
PDF: 2.600 8.20 0.000
PDF: 2.700 8.20 0.000
PDF: 2.800 8.20 0.000
PDF: 2.900 8.20 0.000
PDF: 3.000 8.20 0.000
PDF: 3.100 8.20 0.000
PDF: 3.200 8.20 0.000
PDF: 3.300 8.20 0.000
PDF: 3.400 8.20 0.000
PDF: 3.500 8.20 0.000
PDF: 3.600 8.20 0.000
PDF: 3.700 8.20 0.000
PDF: 3.800 8.20 0.000
PDF: 3.900 8.20 0.000
PDF: 4.000 8.20 0.000
PDF: 4.100 8.20 0.000
PDF: 4.200 8.20 0.000
PDF: 4.300 8.20 0.000
PDF: 4.400 8.20 0.000
PDF: 4.500 8.20 0.000
PDF: 4.600 8.20 0.000
PDF: 4.700 8.20 0.000
PDF: 4.800 8.20 0.000
PDF: 4.900 8.20 0.000
PDF: -5.000 8.40 0.000
PDF: -4.900 8.40 0.000
PDF: -4.800 8.40 0.000
PDF: -4.700 8.40 0.000
PDF: -4.600 8.40 0.000
PDF: -4.500 8.40 0.000
PDF: -4.400 8.40 0.000
PDF: -4.300 8.40 0.000
PDF: -4.200 8.40 0.000
PDF: -4.100 8.40 0.000
PDF: -4.000 8.40 0.000
PDF: -3.900 8.40 0.000
PDF: -3.800 8.40 0.000
PDF: -3.700 8.40 0.000
PDF: -3.600 8.40 0.000
PDF: -3.500 8.40 0.000
PDF: -3.400 8.40 0.000
PDF: -3.300 8.40 0.000
PDF: -3.200 8.40 0.000
PDF: -3.100 8.40 0.000
PDF: -3.000 8.40 0.000
PDF: -2.900 8.40 0.000
PDF: -2.800 8.40 0.000
PDF: -2.700 8.40 0.000
PDF: -2.600 8.40 0.000
PDF: -2.500 8.40 0.000
PDF: -2.400 8.40 0.000
PDF: -2.300 8.40 0.000
PDF: -2.200 8.40 0.000
PDF: -2.100 8.40 0.000
PDF: -2.000 8.40 0.000
PDF: -1.900 8.40 0.000
PDF: -1.800 8.40 0.000
PDF: -1.700 8.40 0.000
PDF: -1.600 8.40 0.000
PDF: -1.500 8.40 0.000
PDF: -1.400 8.40 0.000
PDF: -1.300 8.40 0.001
PDF: -1.200 8.40 0.002
PDF: -1.100 8.40 0.004
PDF: -1.000 8.40 0.008
PDF: -0.900 8.40 0.015
PDF: -0.800 8.40 0.027
PDF: -0.700 8.40 0.045
PDF: -0.600 8.40 0.074
PDF: -0.500 8.40 0.116
PDF: -0.400 8.40 0.174
PDF: -0.300 8.40 0.250
PDF: -0.200 8.40 0.345
PDF: -0.100 8.40 0.457
PDF: -0.000 8.40 0.578
PDF: 0.100 8.40 0.702
PDF: 0.200 8.40 0.818
PDF: 0.300 8.40 0.912
PDF: 0.400 8.40 0.976
PDF: 0.500 8.40 1.000
PDF: 0.600 8.40 0.958
PDF: 0.700 8.40 0.828
PDF: 0.800 8.40 0.647
PDF: 0.900 8.40 0.455
PDF: 1.000 8.40 0.289
PDF: 1.100 8.40 0.166
PDF: 1.200 8.40 0.086
PDF: 1.300 8.40 0.040
PDF: 1.400 8.40 0.017
PDF: 1.500 8.40 0.006
PDF: 1.600 8.40 0.002
PDF: 1.700 8.40 0.001
PDF: 1.800 8.40 0.000
PDF: 1.900 8.40 0.000
PDF: 2.000 8.40 0.000
PDF: 2.100 8.40 0.000
PDF: 2.200 8.40 0.000
PDF: 2.300 8.40 0.000
PDF: 2.400 8.40 0.000
PDF: 2.500 8.40 0.000
PDF: 2.600 8.40 0.000
PDF: 2.700 8.40 0.000
PDF: 2.800 8.40 0.000
PDF: 2.900 8.40 0.000
PDF: 3.000 8.40 0.000
PDF: 3.100 8.40 0.000
PDF: 3.200 8.40 0.000
PDF: 3.300 8.40 0.000
PDF: 3.400 8.40 0.000
PDF: 3.500 8.40 0.000
PDF: 3.600 8.40 0.000
PDF: 3.700 8.40 0.000
PDF: 3.800 8.40 0.000
PDF: 3.900 8.40 0.000
PDF: 4.000 8.40 0.000
PDF: 4.100 8.40 0.000
PDF: 4.200 8.40 0.000
PDF: 4.300 8.40 0.000
PDF: 4.400 8.40 0.000
PDF: 4.500 8.40 0.000
PDF: 4.600 8.40 0.000
PDF: 4.700 8.40 0.000
PDF: 4.800 8.40 0.000
PDF: 4.900 8.40 0.000
PDF: -5.000 8.60 0.000
PDF: -4.900 8.60 0.000
PDF: -4.800 8.60 0.000
PDF: -4.700 8.60 0.000
PDF: -4.600 8.60 0.000
PDF: -4.500 8.60 0.000
PDF: -4.400 8.60 0.000
PDF: -4.300 8.60 0.000
PDF: -4.200 8.60 0.000
PDF: -4.100 8.60 0.000
PDF: -4.000 8.60 0.000
PDF: -3.900 8.60 0.000
PDF: -3.800 8.60 0.000
PDF: -3.700 8.60 0.000
PDF: -3.600 8.60 0.000
PDF: -3.500 8.60 0.000
PDF: -3.400 8.60 0.000
PDF: -3.300 8.60 0.000
PDF: -3.200 8.60 0.000
PDF: -3.100 8.60 0.000
PDF: -3.000 8.60 0.000
PDF: -2.900 8.60 0.000
PDF: -2.800 8.60 0.000
PDF: -2.700 8.60 0.000
PDF: -2.600 8.60 0.000
PDF: -2.500 8.60 0.000
PDF: -2.400 8.60 0.000
PDF: -2.300 8.60 0.000
PDF: -2.200 8.60 0.000
PDF: -2.100 8.60 0.000
PDF: -2.000 8.60 0.000
PDF: -1.900 8.60 0.000
PDF: -1.800 8.60 0.000
PDF: -1.700 8.60 0.000
PDF: -1.600 8.60 0.000
PDF: -1.500 8.60 0.001
PDF: -1.400 8.60 0.001
PDF: -1.300 8.60 0.002
PDF: -1.200 8.60 0.004
PDF: -1.100 8.60 0.008
PDF: -1.000 8.60 0.014
PDF: -0.900 8.60 0.024
PDF: -0.800 8.60 0.039
PDF: -0.700 8.60 0.063
PDF: -0.600 8.60 0.097
PDF: -0.500 8.60 0.145
PDF: -0.400 8.60 0.207
PDF: -0.300 8.60 0.287
PDF: -0.200 8.60 0.381
PDF: -0.100 8.60 0.489
PDF: -0.000 8.60 0.605
PDF: 0.100 8.60 0.720
PDF: 0.200 8.60 0.827
PDF: 0.300 8.60 0.914
PDF: 0.400 8.60 0.974
PDF: 0.500 8.60 1.000
PDF: 0.600 8.60 0.975
PDF: 0.700 8.60 0.877
PDF: 0.800 8.60 0.725
PDF: 0.900 8.60 0.552
PDF: 1.000 8.60 0.387
PDF: 1.100 8.60 0.249
PDF: 1.200 8.60 0.148
PDF: 1.300 8.60 0.081
PDF: 1.400 8.60 0.041
PDF: 1.500 8.60 0.019
PDF: 1.600 8.60 0.008
PDF: 1.700 8.60 0.003
PDF: 1.800 8.60 0.001
PDF: 1.900 8.60 0.000
PDF: 2.000 8.60 0.000
PDF: 2.100 8.60 0.000
PDF: 2.200 8.60 0.000
PDF: 2.300 8.60 0.000
PDF: 2.400 8.60 0.000
PDF: 2.500 8.60 0.000
PDF: 2.600 8.60 0.000
PDF: 2.700 8.60 0.000
PDF: 2.800 8.60 0.000
PDF: 2.900 8.60 0.000
PDF: 3.000 8.60 0.000
PDF: 3.100 8.60 0.000
PDF: 3.200 8.60 0.000
PDF: 3.300 8.60 0.000
PDF: 3.400 8.60 0.000
PDF: 3.500 8.60 0.000
PDF: 3.600 8.60 0.000
PDF: 3.700 8.60 0.000
PDF: 3.800 8.60 0.000
PDF: 3.900 8.60 0.000
PDF: 4.000 8.60 0.000
PDF: 4.100 8.60 0.000
PDF: 4.200 8.60 0.000
PDF: 4.300 8.60 0.000
PDF: 4.400 8.60 0.000
PDF: 4.500 8.60 0.000
PDF: 4.600 8.60 0.000
PDF: 4.700 8.60 0.000
PDF: 4.800 8.60 0.000
PDF: 4.900 8.60 0.000
PDF: -5.000 8.80 0.000
PDF: -4.900 8.80 0.000
PDF: -4.800 8.80 0.000
PDF: -4.700 8.80 0.000
PDF: -4.600 8.80 0.000
PDF: -4.500 8.80 0.000
PDF: -4.400 8.80 0.000
PDF: -4.300 8.80 0.000
PDF: -4.200 8.80 0.000
PDF: -4.100 8.80 0.000
PDF: -4.000 8.80 0.000
PDF: -3.900 8.80 0.000
PDF: -3.800 8.80 0.000
PDF: -3.700 8.80 0.000
PDF: -3.600 8.80 0.000
PDF: -3.500 8.80 0.000
PDF: -3.400 8.80 0.000
PDF: -3.300 8.80 0.000
PDF: -3.200 8.80 0.000
PDF: -3.100 8.80 0.000
PDF: -3.000 8.80 0.000
PDF: -2.900 8.80 0.000
PDF: -2.800 8.80 0.000
PDF: -2.700 8.80 0.000
PDF: -2.600 8.80 0.000
PDF: -2.500 8.80 0.000
PDF: -2.400 8.80 0.000
PDF: -2.300 8.80 0.000
PDF: -2.200 8.80 0.000
PDF: -2.100 8.80 0.000
PDF: -2.000 8.80 0.000
PDF: -1.900 8.80 0.000
PDF: -1.800 8.80 0.000
PDF: -1.700 8.80 0.000
PDF: -1.600 8.80 0.001
PDF: -1.500 8.80 0.001
PDF: -1.400 8.80 0.002
PDF: -1.300 8.80 0.004
PDF: -1.200 8.80 0.007
PDF: -1.100 8.80 0.012
PDF: -1.000 8.80 0.020
PDF: -0.900 8.80 0.031
PDF: -0.800 8.80 0.048
PDF: -0.700 8.80 0.072
PDF: -0.600 8.80 0.105
PDF: -0.500 8.80 0.148
PDF: -0.400 8.80 0.203
PDF: -0.300 8.80 0.272
PDF: -0.200 8.80 0.353
PDF: -0.100 8.80 0.444
PDF: -0.000 8.80 0.544
PDF: 0.100 8.80 0.647
PDF: 0.200 8.80 0.748
PDF: 0.300 8.80 0.840
PDF: 0.400 8.80 0.916
PDF: 0.500 8.80 0.971
PDF: 0.600 8.80 1.000
PDF: 0.700 8.80 0.987
PDF: 0.800 8.80 0.858
PDF: 0.900 8.80 0.648
PDF: 1.000 8.80 0.425
PDF: 1.100 8.80 0.242
PDF: 1.200 8.80 0.120
PDF: 1.300 8.80 0.051
PDF: 1.400 8.80 0.019
PDF: 1.500 8.80 0.006
PDF: 1.600 8.80 0.002
PDF: 1.700 8.80 0.000
PDF: 1.800 8.80 0.000
PDF: 1.900 8.80 0.000
PDF: 2.000 8.80 0.000
PDF: 2.100 8.80 0.000
PDF: 2.200 8.80 0.000
PDF: 2.300 8.80 0.000
PDF: 2.400 8.80 0.000
PDF: 2.500 8.80 0.000
PDF: 2.600 8.80 0.000
PDF: 2.700 8.80 0.000
PDF: 2.800 8.80 0.000
PDF: 2.900 8.80 0.000
PDF: 3.000 8.80 0.000
PDF: 3.100 8.80 0.000
PDF: 3.200 8.80 0.000
PDF: 3.300 8.80 0.000
PDF: 3.400 8.80 0.000
PDF: 3.500 8.80 0.000
PDF: 3.600 8.80 0.000
PDF: 3.700 8.80 0.000
PDF: 3.800 8.80 0.000
PDF: 3.900 8.80 0.000
PDF: 4.000 8.80 0.000
PDF: 4.100 8.80 0.000
PDF: 4.200 8.80 0.000
PDF: 4.300 8.80 0.000
PDF: 4.400 8.80 0.000
PDF: 4.500 8.80 0.000
PDF: 4.600 8.80 0.000
PDF: 4.700 8.80 0.000
PDF: 4.800 8.80 0.000
PDF: 4.900 8.80 0.000
PDF: -5.000 9.00 0.000
PDF: -4.900 9.00 0.000
PDF: -4.800 9.00 0.000
PDF: -4.700 9.00 0.000
PDF: -4.600 9.00 0.000
PDF: -4.500 9.00 0.000
PDF: -4.400 9.00 0.000
PDF: -4.300 9.00 0.000
PDF: -4.200 9.00 0.000
PDF: -4.100 9.00 0.000
PDF: -4.000 9.00 0.000
PDF: -3.900 9.00 0.000
PDF: -3.800 9.00 0.000
PDF: -3.700 9.00 0.000
PDF: -3.600 9.00 0.000
PDF: -3.500 9.00 0.000
PDF: -3.400 9.00 0.000
PDF: -3.300 9.00 0.000
PDF: -3.200 9.00 0.000
PDF: -3.100 9.00 0.000
PDF: -3.000 9.00 0.000
PDF: -2.900 9.00 0.000
PDF: -2.800 9.00 0.000
PDF: -2.700 9.00 0.000
PDF: -2.600 9.00 0.000
PDF: -2.500 9.00 0.000
PDF: -2.400 9.00 0.000
PDF: -2.300 9.00 0.000
PDF: -2.200 9.00 0.000
PDF: -2.100 9.00 0.000
PDF: -2.000 9.00 0.000
PDF: -1.900 9.00 0.001
PDF: -1.800 9.00 0.001
PDF: -1.700 9.00 0.002
PDF: -1.600 9.00 0.003
PDF: -1.500 9.00 0.005
PDF: -1.400 9.00 0.008
PDF: -1.300 9.00 0.012
PDF: -1.200 9.00 0.019
PDF: -1.100 9.00 0.029
PDF: -1.000 9.00 0.043
PDF: -0.900 9.00 0.062
PDF: -0.800 9.00 0.087
PDF: -0.700 9.00 0.120
PDF: -0.600 9.00 0.162
PDF: -0.500 9.00 0.214
PDF: -0.400 9.00 0.277
PDF: -0.300 9.00 0.349
PDF: -0.200 9.00 0.430
PDF: -0.100 9.00 0.518
PDF: -0.000 9.00 0.609
PDF: 0.100 9.00 0.701
PDF: 0.200 9.00 0.788
PDF: 0.300 9.00 0.866
PDF: 0.400 9.00 0.929
PDF: 0.500 9.00 0.975
PDF: 0.600 9.00 1.000
PDF: 0.700 9.00 0.995
PDF: 0.800 9.00 0.896
PDF: 0.900 9.00 0.720
PDF: 1.000 9.00 0.516
PDF: 1.100 9.00 0.329
PDF: 1.200 9.00 0.187
PDF: 1.300 9.00 0.095
PDF: 1.400 9.00 0.043
PDF: 1.500 9.00 0.017
PDF: 1.600 9.00 0.006
PDF: 1.700 9.00 0.002
PDF: 1.800 9.00 0.001
PDF: 1.900 9.00 0.000
PDF: 2.000 9.00 0.000
PDF: 2.100 9.00 0.000
PDF: 2.200 9.00 0.000
PDF: 2.300 9.00 0.000
PDF: 2.400 9.00 0.000
PDF: 2.500 9.00 0.000
PDF: 2.600 9.00 0.000
PDF: 2.700 9.00 0.000
PDF: 2.800 9.00 0.000
PDF: 2.900 9.00 0.000
PDF: 3.000 9.00 0.000
PDF: 3.100 9.00 0.000
PDF: 3.200 9.00 0.000
PDF: 3.300 9.00 0.000
PDF: 3.400 9.00 0.000
PDF: 3.500 9.00 0.000
PDF: 3.600 9.00 0.000
PDF: 3.700 9.00 0.000
PDF: 3.800 9.00 0.000
PDF: 3.900 9.00 0.000
PDF: 4.000 9.00 0.000
PDF: 4.100 9.00 0.000
PDF: 4.200 9.00 0.000
PDF: 4.300 9.00 0.000
PDF: 4.400 9.00 0.000
PDF: 4.500 9.00 0.000
PDF: 4.600 9.00 0.000
PDF: 4.700 9.00 0.000
PDF: 4.800 9.00 0.000
PDF: 4.900 9.00 0.000
PDF: -5.000 9.20 0.000
PDF: -4.900 9.20 0.000
PDF: -4.800 9.20 0.000
PDF: -4.700 9.20 0.000
PDF: -4.600 9.20 0.000
PDF: -4.500 9.20 0.000
PDF: -4.400 9.20 0.000
PDF: -4.300 9.20 0.000
PDF: -4.200 9.20 0.000
PDF: -4.100 9.20 0.000
PDF: -4.000 9.20 0.000
PDF: -3.900 9.20 0.000
PDF: -3.800 9.20 0.000
PDF: -3.700 9.20 0.000
PDF: -3.600 9.20 0.000
PDF: -3.500 9.20 0.000
PDF: -3.400 9.20 0.000
PDF: -3.300 9.20 0.000
PDF: -3.200 9.20 0.000
PDF: -3.100 9.20 0.000
PDF: -3.000 9.20 0.001
PDF: -2.900 9.20 0.001
PDF: -2.800 9.20 0.001
PDF: -2.700 9.20 0.002
PDF: -2.600 9.20 0.002
PDF: -2.500 9.20 0.003
PDF: -2.400 9.20 0.005
PDF: -2.300 9.20 0.006
PDF: -2.200 9.20 0.009
PDF: -2.100 9.20 0.012
PDF: -2.000 9.20 0.016
PDF: -1.900 9.20 0.021
PDF: -1.800 9.20 0.027
PDF: -1.700 9.20 0.035
PDF: -1.600 9.20 0.045
PDF: -1.500 9.20 0.058
PDF: -1.400 9.20 0.073
PDF: -1.300 9.20 0.091
PDF: -1.200 9.20 0.112
PDF: -1.100 9.20 0.137
PDF: -1.000 9.20 0.166
PDF: -0.900 9.20 0.199
PDF: -0.800 9.20 0.237
PDF: -0.700 9.20 0.279
PDF: -0.600 9.20 0.325
PDF: -0.500 9.20 0.375
PDF: -0.400 9.20 0.428
PDF: -0.300 9.20 0.485
PDF: -0.200 9.20 0.543
PDF: -0.100 9.20 0.603
PDF: -0.000 9.20 0.663
PDF: 0.100 9.20 0.721
PDF: 0.200 9.20 0.778
PDF: 0.300 9.20 0.830
PDF: 0.400 9.20 0.877
PDF: 0.500 9.20 0.918
PDF: 0.600 9.20 0.952
PDF: 0.700 9.20 0.977
PDF: 0.800 9.20 0.993
PDF: 0.900 9.20 1.000
PDF: 1.000 9.20 0.909
PDF: 1.100 9.20 0.624
PDF: 1.200 9.20 0.323
PDF: 1.300 9.20 0.126
PDF: 1.400 9.20 0.037
PDF: 1.500 9.20 0.008
PDF: 1.600 9.20 0.001
PDF: 1.700 9.20 0.000
PDF: 1.800 9.20 0.000
PDF: 1.900 9.20 0.000
PDF: 2.000 9.20 0.000
PDF: 2.100 9.20 0.000
PDF: 2.200 9.20 0.000
PDF: 2.300 9.20 0.000
PDF: 2.400 9.20 0.000
PDF: 2.500 9.20 0.000
PDF: 2.600 9.20 0.000
PDF: 2.700 9.20 0.000
PDF: 2.800 9.20 0.000
PDF: 2.900 9.20 0.000
PDF: 3.000 9.20 0.000
PDF: 3.100 9.20 0.000
PDF: 3.200 9.20 0.000
PDF: 3.300 9.20 0.000
PDF: 3.400 9.20 0.000
PDF: 3.500 9.20 0.000
PDF: 3.600 9.20 0.000
PDF: 3.700 9.20 0.000
PDF: 3.800 9.20 0.000
PDF: 3.900 9.20 0.000
PDF: 4.000 9.20 0.000
PDF: 4.100 9.20 0.000
PDF: 4.200 9.20 0.000
PDF: 4.300 9.20 0.000
PDF: 4.400 9.20 0.000
PDF: 4.500 9.20 0.000
PDF: 4.600 9.20 0.000
PDF: 4.700 9.20 0.000
PDF: 4.800 9.20 0.000
PDF: 4.900 9.20 0.000
PDF: -5.000 9.40 0.000
PDF: -4.900 9.40 0.000
PDF: -4.800 9.40 0.000
PDF: -4.700 9.40 0.000
PDF: -4.600 9.40 0.000
PDF: -4.500 9.40 0.000
PDF: -4.400 9.40 0.000
PDF: -4.300 9.40 0.000
PDF: -4.200 9.40 0.000
PDF: -4.100 9.40 0.000
PDF: -4.000 9.40 0.000
PDF: -3.900 9.40 0.000
PDF: -3.800 9.40 0.000
PDF: -3.700 9.40 0.000
PDF: -3.600 9.40 0.000
PDF: -3.500 9.40 0.000
PDF: -3.400 9.40 0.000
PDF: -3.300 9.40 0.000
PDF: -3.200 9.40 0.000
PDF: -3.100 9.40 0.000
PDF: -3.000 9.40 0.001
PDF: -2.900 9.40 0.001
PDF: -2.800 9.40 0.001
PDF: -2.700 9.40 0.002
PDF: -2.600 9.40 0.003
PDF: -2.500 9.40 0.004
PDF: -2.400 9.40 0.006
PDF: -2.300 9.40 0.008
PDF: -2.200 9.40 0.010
PDF: -2.100 9.40 0.014
PDF: -2.000 9.40 0.018
PDF: -1.900 9.40 0.024
PDF: -1.800 9.40 0.031
PDF: -1.700 9.40 0.040
PDF: -1.600 9.40 0.050
PDF: -1.500 9.40 0.064
PDF: -1.400 9.40 0.080
PDF: -1.300 9.40 0.099
PDF: -1.200 9.40 0.121
PDF: -1.100 9.40 0.148
PDF: -1.000 9.40 0.178
PDF: -0.900 9.40 0.212
PDF: -0.800 9.40 0.251
PDF: -0.700 9.40 0.294
PDF: -0.600 9.40 0.341
PDF: -0.500 9.40 0.391
PDF: -0.400 9.40 0.445
PDF: -0.300 9.40 0.502
PDF: -0.200 9.40 0.560
PDF: -0.100 9.40 0.619
PDF: -0.000 9.40 0.678
PDF: 0.100 9.40 0.735
PDF: 0.200 9.40 0.790
PDF: 0.300 9.40 0.841
PDF: 0.400 9.40 0.886
PDF: 0.500 9.40 0.925
PDF: 0.600 9.40 0.957
PDF: 0.700 9.40 0.981
PDF: 0.800 9.40 0.995
PDF: 0.900 9.40 1.000
PDF: 1.000 9.40 0.846
PDF: 1.100 9.40 0.500
PDF: 1.200 9.40 0.207
PDF: 1.300 9.40 0.060
PDF: 1.400 9.40 0.012
PDF: 1.500 9.40 0.002
PDF: 1.600 9.40 0.000
PDF: 1.700 9.40 0.000
PDF: 1.800 9.40 0.000
PDF: 1.900 9.40 0.000
PDF: 2.000 9.40 0.000
PDF: 2.100 9.40 0.000
PDF: 2.200 9.40 0.000
PDF: 2.300 9.40 0.000
PDF: 2.400 9.40 0.000
PDF: 2.500 9.40 0.000
PDF: 2.600 9.40 0.000
PDF: 2.700 9.40 0.000
PDF: 2.800 9.40 0.000
PDF: 2.900 9.40 0.000
PDF: 3.000 9.40 0.000
PDF: 3.100 9.40 0.000
PDF: 3.200 9.40 0.000
PDF: 3.300 9.40 0.000
PDF: 3.400 9.40 0.000
PDF: 3.500 9.40 0.000
PDF: 3.600 9.40 0.000
PDF: 3.700 9.40 0.000
PDF: 3.800 9.40 0.000
PDF: 3.900 9.40 0.000
PDF: 4.000 9.40 0.000
PDF: 4.100 9.40 0.000
PDF: 4.200 9.40 0.000
PDF: 4.300 9.40 0.000
PDF: 4.400 9.40 0.000
PDF: 4.500 9.40 0.000
PDF: 4.600 9.40 0.000
PDF: 4.700 9.40 0.000
PDF: 4.800 9.40 0.000
PDF: 4.900 9.40 0.000
PDF: -5.000 9.60 0.000
PDF: -4.900 9.60 0.000
PDF: -4.800 9.60 0.000
PDF: -4.700 9.60 0.000
PDF: -4.600 9.60 0.000
PDF: -4.500 9.60 0.000
PDF: -4.400 9.60 0.000
PDF: -4.300 9.60 0.000
PDF: -4.200 9.60 0.000
PDF: -4.100 9.60 0.000
PDF: -4.000 9.60 0.000
PDF: -3.900 9.60 0.000
PDF: -3.800 9.60 0.000
PDF: -3.700 9.60 0.000
PDF: -3.600 9.60 0.000
PDF: -3.500 9.60 0.000
PDF: -3.400 9.60 0.000
PDF: -3.300 9.60 0.000
PDF: -3.200 9.60 0.001
PDF: -3.100 9.60 0.001
PDF: -3.000 9.60 0.001
PDF: -2.900 9.60 0.002
PDF: -2.800 9.60 0.002
PDF: -2.700 9.60 0.003
PDF: -2.600 9.60 0.004
PDF: -2.500 9.60 0.006
PDF: -2.400 9.60 0.008
PDF: -2.300 9.60 0.011
PDF: -2.200 9.60 0.014
PDF: -2.100 9.60 0.019
PDF: -2.000 9.60 0.024
PDF: -1.900 9.60 0.032
PDF: -1.800 9.60 0.041
PDF: -1.700 9.60 0.052
PDF: -1.600 9.60 0.065
PDF: -1.500 9.60 0.081
PDF: -1.400 9.60 0.100
PDF: -1.300 9.60 0.123
PDF: -1.200 9.60 0.149
PDF: -1.100 9.60 0.179
PDF: -1.000 9.60 0.214
PDF: -0.900 9.60 0.252
PDF: -0.800 9.60 0.294
PDF: -0.700 9.60 0.341
PDF: -0.600 9.60 0.391
PDF: -0.500 9.60 0.444
PDF: -0.400 9.60 0.500
PDF: -0.300 9.60 0.558
PDF: -0.200 9.60 0.617
PDF: -0.100 9.60 0.675
PDF: -0.000 9.60 0.732
PDF: 0.100 9.60 0.786
PDF: 0.200 9.60 0.837
PDF: 0.300 9.60 0.883
PDF: 0.400 9.60 0.922
PDF: 0.500 9.60 0.954
PDF: 0.600 9.60 0.978
PDF: 0.700 9.60 0.994
PDF: 0.800 9.60 1.000
PDF: 0.900 9.60 0.927
PDF: 1.000 9.60 0.690
PDF: 1.100 9.60 0.411
PDF: 1.200 9.60 0.196
PDF: 1.300 9.60 0.075
PDF: 1.400 9.60 0.023
PDF: 1.500 9.60 0.006
PDF: 1.600 9.60 0.001
PDF: 1.700 9.60 0.000
PDF: 1.800 9.60 0.000
PDF: 1.900 9.60 0.000
PDF: 2.000 9.60 0.000
PDF: 2.100 9.60 0.000
PDF: 2.200 9.60 0.000
PDF: 2.300 9.60 0.000
PDF: 2.400 9.60 0.000
PDF: 2.500 9.60 0.000
PDF: 2.600 9.60 0.000
PDF: 2.700 9.60 0.000
PDF: 2.800 9.60 0.000
PDF: 2.900 9.60 0.000
PDF: 3.000 9.60 0.000
PDF: 3.100 9.60 0.000
PDF: 3.200 9.60 0.000
PDF: 3.300 9.60 0.000
PDF: 3.400 9.60 0.000
PDF: 3.500 9.60 0.000
PDF: 3.600 9.60 0.000
PDF: 3.700 9.60 0.000
PDF: 3.800 9.60 0.000
PDF: 3.900 9.60 0.000
PDF: 4.000 9.60 0.000
PDF: 4.100 9.60 0.000
PDF: 4.200 9.60 0.000
PDF: 4.300 9.60 0.000
PDF: 4.400 9.60 0.000
PDF: 4.500 9.60 0.000
PDF: 4.600 9.60 0.000
PDF: 4.700 9.60 0.000
PDF: 4.800 9.60 0.000
PDF: 4.900 9.60 0.000
PDF: -5.000 9.80 0.000
PDF: -4.900 9.80 0.000
PDF: -4.800 9.80 0.000
PDF: -4.700 9.80 0.000
PDF: -4.600 9.80 0.000
PDF: -4.500 9.80 0.000
PDF: -4.400 9.80 0.000
PDF: -4.300 9.80 0.000
PDF: -4.200 9.80 0.000
PDF: -4.100 9.80 0.000
PDF: -4.000 9.80 0.000
PDF: -3.900 9.80 0.000
PDF: -3.800 9.80 0.001
PDF: -3.700 9.80 0.001
PDF: -3.600 9.80 0.001
PDF: -3.500 9.80 0.002
PDF: -3.400 9.80 0.002
PDF: -3.300 9.80 0.003
PDF: -3.200 9.80 0.004
PDF: -3.100 9.80 0.005
PDF: -3.000 9.80 0.006
PDF: -2.900 9.80 0.008
PDF: -2.800 9.80 0.011
PDF: -2.700 9.80 0.014
PDF: -2.600 9.80 0.017
PDF: -2.500 9.80 0.022
PDF: -2.400 9.80 0.028
PDF: -2.300 9.80 0.034
PDF: -2.200 9.80 0.042
PDF: -2.100 9.80 0.052
PDF: -2.000 9.80 0.063
PDF: -1.900 9.80 0.076
PDF: -1.800 9.80 0.092
PDF: -1.700 9.80 0.110
PDF: -1.600 9.80 0.130
PDF: -1.500 9.80 0.153
PDF: -1.400 9.80 0.179
PDF: -1.300 9.80 0.208
PDF: -1.200 9.80 0.239
PDF: -1.100 9.80 0.274
PDF: -1.000 9.80 0.312
PDF: -0.900 9.80 0.353
PDF: -0.800 9.80 0.396
PDF: -0.700 9.80 0.442
PDF: -0.600 9.80 0.489
PDF: -0.500 9.80 0.538
PDF: -0.400 9.80 0.588
PDF: -0.300 9.80 0.638
PDF: -0.200 9.80 0.688
PDF: -0.100 9.80 0.736
PDF: -0.000 9.80 0.782
PDF: 0.100 9.80 0.826
PDF: 0.200 9.80 0.867
PDF: 0.300 9.80 0.903
PDF: 0.400 9.80 0.934
PDF: 0.500 9.80 0.960
PDF: 0.600 9.80 0.980
PDF: 0.700 9.80 0.993
PDF: 0.800 9.80 1.000
PDF: 0.900 9.80 0.975
PDF: 1.000 9.80 0.782
PDF: 1.100 9.80 0.502
PDF: 1.200 9.80 0.258
PDF: 1.300 9.80 0.106
PDF: 1.400 9.80 0.035
PDF: 1.500 9.80 0.009
PDF: 1.600 9.80 0.002
PDF: 1.700 9.80 0.000
PDF: 1.800 9.80 0.000
PDF: 1.900 9.80 0.000
PDF: 2.000 9.80 0.000
PDF: 2.100 9.80 0.000
PDF: 2.200 9.80 0.000
PDF: 2.300 9.80 0.000
PDF: 2.400 9.80 0.000
PDF: 2.500 9.80 0.000
PDF: 2.600 9.80 0.000
PDF: 2.700 9.80 0.000
PDF: 2.800 9.80 0.000
PDF: 2.900 9.80 0.000
PDF: 3.000 9.80 0.000
PDF: 3.100 9.80 0.000
PDF: 3.200 9.80 0.000
PDF: 3.300 9.80 0.000
PDF: 3.400 9.80 0.000
PDF: 3.500 9.80 0.000
PDF: 3.600 9.80 0.000
PDF: 3.700 9.80 0.000
PDF: 3.800 9.80 0.000
PDF: 3.900 9.80 0.000
PDF: 4.000 9.80 0.000
PDF: 4.100 9.80 0.000
PDF: 4.200 9.80 0.000
PDF: 4.300 9.80 0.000
PDF: 4.400 9.80 0.000
PDF: 4.500 9.80 0.000
PDF: 4.600 9.80 0.000
PDF: 4.700 9.80 0.000
PDF: 4.800 9.80 0.000
PDF: 4.900 9.80 0.000
PDF: -5.000 10.00 0.000
PDF: -4.900 10.00 0.000
PDF: -4.800 10.00 0.001
PDF: -4.700 10.00 0.001
PDF: -4.600 10.00 0.001
PDF: -4.500 10.00 0.001
PDF: -4.400 10.00 0.001
PDF: -4.300 10.00 0.002
PDF: -4.200 10.00 0.002
PDF: -4.100 10.00 0.003
PDF: -4.000 10.00 0.004
PDF: -3.900 10.00 0.005
PDF: -3.800 10.00 0.006
PDF: -3.700 10.00 0.007
PDF: -3.600 10.00 0.009
PDF: -3.500 10.00 0.011
PDF: -3.400 10.00 0.014
PDF: -3.300 10.00 0.017
PDF: -3.200 10.00 0.021
PDF: -3.100 10.00 0.025
PDF: -3.000 10.00 0.030
PDF: -2.900 10.00 0.036
PDF: -2.800 10.00 0.043
PDF: -2.700 10.00 0.050
PDF: -2.600 10.00 0.060
PDF: -2.500 10.00 0.070
PDF: -2.400 10.00 0.082
PDF: -2.300 10.00 0.095
PDF: -2.200 10.00 0.110
PDF: -2.100 10.00 0.127
PDF: -2.000 10.00 0.145
PDF: -1.900 10.00 0.166
PDF: -1.800 10.00 0.188
PDF: -1.700 10.00 0.213
PDF: -1.600 10.00 0.240
PDF: -1.500 10.00 0.269
PDF: -1.400 10.00 0.300
PDF: -1.300 10.00 0.332
PDF: -1.200 10.00 0.367
PDF: -1.100 10.00 0.404
PDF: -1.000 10.00 0.442
PDF: -0.900 10.00 0.481
PDF: -0.800 10.00 0.521
PDF: -0.700 10.00 0.563
PDF: -0.600 10.00 0.604
PDF: -0.500 10.00 0.646
PDF: -0.400 10.00 0.687
PDF: -0.300 10.00 0.727
PDF: -0.200 10.00 0.766
PDF: -0.100 10.00 0.804
PDF: -0.000 10.00 0.839
PDF: 0.100 10.00 0.872
PDF: 0.200 10.00 0.902
PDF: 0.300 10.00 0.928
PDF: 0.400 10.00 0.951
PDF: 0.500 10.00 0.970
PDF: 0.600 10.00 0.984
PDF: 0.700 10.00 0.995
PDF: 0.800 10.00 1.000
PDF: 0.900 10.00 0.985
PDF: 1.000 10.00 0.774
PDF: 1.100 10.00 0.456
PDF: 1.200 10.00 0.201
PDF: 1.300 10.00 0.067
PDF: 1.400 10.00 0.017
PDF: 1.500 10.00 0.003
PDF: 1.600 10.00 0.000
PDF: 1.700 10.00 0.000
PDF: 1.800 10.00 0.000
PDF: 1.900 10.00 0.000
PDF: 2.000 10.00 0.000
PDF: 2.100 10.00 0.000
PDF: 2.200 10.00 0.000
PDF: 2.300 10.00 0.000
PDF: 2.400 10.00 0.000
PDF: 2.500 10.00 0.000
PDF: 2.600 10.00 0.000
PDF: 2.700 10.00 0.000
PDF: 2.800 10.00 0.000
PDF: 2.900 10.00 0.000
PDF: 3.000 10.00 0.000
PDF: 3.100 10.00 0.000
PDF: 3.200 10.00 0.000
PDF: 3.300 10.00 0.000
PDF: 3.400 10.00 0.000
PDF: 3.500 10.00 0.000
PDF: 3.600 10.00 0.000
PDF: 3.700 10.00 0.000
PDF: 3.800 10.00 0.000
PDF: 3.900 10.00 0.000
PDF: 4.000 10.00 0.000
PDF: 4.100 10.00 0.000
PDF: 4.200 10.00 0.000
PDF: 4.300 10.00 0.000
PDF: 4.400 10.00 0.000
PDF: 4.500 10.00 0.000
PDF: 4.600 10.00 0.000
PDF: 4.700 10.00 0.000
PDF: 4.800 10.00 0.000
PDF: 4.900 10.00 0.000
PDF: -5.000 10.20 0.001
PDF: -4.900 10.20 0.001
PDF: -4.800 10.20 0.001
PDF: -4.700 10.20 0.002
PDF: -4.600 10.20 0.002
PDF: -4.500 10.20 0.003
PDF: -4.400 10.20 0.003
PDF: -4.300 10.20 0.004
PDF: -4.200 10.20 0.005
PDF: -4.100 10.20 0.007
PDF: -4.000 10.20 0.008
PDF: -3.900 10.20 0.010
PDF: -3.800 10.20 0.012
PDF: -3.700 10.20 0.014
PDF: -3.600 10.20 0.018
PDF: -3.500 10.20 0.021
PDF: -3.400 10.20 0.025
PDF: -3.300 10.20 0.030
PDF: -3.200 10.20 0.036
PDF: -3.100 10.20 0.042
PDF: -3.000 10.20 0.050
PDF: -2.900 10.20 0.058
PDF: -2.800 10.20 0.068
PDF: -2.700 10.20 0.079
PDF: -2.600 10.20 0.091
PDF: -2.500 10.20 0.105
PDF: -2.400 10.20 0.121
PDF: -2.300 10.20 0.138
PDF: -2.200 10.20 0.157
PDF: -2.100 10.20 0.177
PDF: -2.000 10.20 0.200
PDF: -1.900 10.20 0.224
PDF: -1.800 10.20 0.251
PDF: -1.700 10.20 0.279
PDF: -1.600 10.20 0.309
PDF: -1.500 10.20 0.341
PDF: -1.400 10.20 0.375
PDF: -1.300 10.20 0.410
PDF: -1.200 10.20 0.447
PDF: -1.100 10.20 0.484
PDF: -1.000 10.20 0.523
PDF: -0.900 10.20 0.563
PDF: -0.800 10.20 0.602
PDF: -0.700 10.20 0.642
PDF: -0.600 10.20 0.681
PDF: -0.500 10.20 0.720
PDF: -0.400 10.20 0.758
PDF: -0.300 10.20 0.794
PDF: -0.200 10.20 0.829
PDF: -0.100 10.20 0.861
PDF: -0.000 10.20 0.890
PDF: 0.100 10.20 0.917
PDF: 0.200 10.20 0.940
PDF: 0.300 10.20 0.960
PDF: 0.400 10.20 0.976
PDF: 0.500 10.20 0.988
PDF: 0.600 10.20 0.996
PDF: 0.700 10.20 1.000
PDF: 0.800 10.20 0.953
PDF: 0.900 10.20 0.730
PDF: 1.000 10.20 0.444
PDF: 1.100 10.20 0.214
PDF: 1.200 10.20 0.082
PDF: 1.300 10.20 0.025
PDF: 1.400 10.20 0.006
PDF: 1.500 10.20 0.001
PDF: 1.600 10.20 0.000
PDF: 1.700 10.20 0.000
PDF: 1.800 10.20 0.000
PDF: 1.900 10.20 0.000
PDF: 2.000 10.20 0.000
PDF: 2.100 10.20 0.000
PDF: 2.200 10.20 0.000
PDF: 2.300 10.20 0.000
PDF: 2.400 10.20 0.000
PDF: 2.500 10.20 0.000
PDF: 2.600 10.20 0.000
PDF: 2.700 10.20 0.000
PDF: 2.800 10.20 0.000
PDF: 2.900 10.20 0.000
PDF: 3.000 10.20 0.000
PDF: 3.100 10.20 0.000
PDF: 3.200 10.20 0.000
PDF: 3.300 10.20 0.000
PDF: 3.400 10.20 0.000
PDF: 3.500 10.20 0.000
PDF: 3.600 10.20 0.000
PDF: 3.700 10.20 0.000
PDF: 3.800 10.20 0.000
PDF: 3.900 10.20 0.000
PDF: 4.000 10.20 0.000
PDF: 4.100 10.20 0.000
PDF: 4.200 10.20 0.000
PDF: 4.300 10.20 0.000
PDF: 4.400 10.20 0.000
PDF: 4.500 10.20 0.000
PDF: 4.600 10.20 0.000
PDF: 4.700 10.20 0.000
PDF: 4.800 10.20 0.000
PDF: 4.900 10.20 0.000
PDF: -5.000 10.40 0.001
PDF: -4.900 10.40 0.001
PDF: -4.800 10.40 0.001
PDF: -4.700 10.40 0.002
PDF: -4.600 10.40 0.002
PDF: -4.500 10.40 0.003
PDF: -4.400 10.40 0.004
PDF: -4.300 10.40 0.004
PDF: -4.200 10.40 0.005
PDF: -4.100 10.40 0.007
PDF: -4.000 10.40 0.008
PDF: -3.900 10.40 0.010
PDF: -3.800 10.40 0.013
PDF: -3.700 10.40 0.015
PDF: -3.600 10.40 0.019
PDF: -3.500 10.40 0.023
PDF: -3.400 10.40 0.027
PDF: -3.300 10.40 0.032
PDF: -3.200 10.40 0.039
PDF: -3.100 10.40 0.046
PDF: -3.000 10.40 0.054
PDF: -2.900 10.40 0.064
PDF: -2.800 10.40 0.074
PDF: -2.700 10.40 0.087
PDF: -2.600 10.40 0.100
PDF: -2.500 10.40 0.116
PDF: -2.400 10.40 0.133
PDF: -2.300 10.40 0.152
PDF: -2.200 10.40 0.173
PDF: -2.100 10.40 0.196
PDF: -2.000 10.40 0.221
PDF: -1.900 10.40 0.248
PDF: -1.800 10.40 0.277
PDF: -1.700 10.40 0.308
PDF: -1.600 10.40 0.341
PDF: -1.500 10.40 0.376
PDF: -1.400 10.40 0.412
PDF: -1.300 10.40 0.450
PDF: -1.200 10.40 0.489
PDF: -1.100 10.40 0.529
PDF: -1.000 10.40 0.570
PDF: -0.900 10.40 0.611
PDF: -0.800 10.40 0.652
PDF: -0.700 10.40 0.692
PDF: -0.600 10.40 0.732
PDF: -0.500 10.40 0.771
PDF: -0.400 10.40 0.807
PDF: -0.300 10.40 0.842
PDF: -0.200 10.40 0.874
PDF: -0.100 10.40 0.904
PDF: -0.000 10.40 0.930
PDF: 0.100 10.40 0.952
PDF: 0.200 10.40 0.970
PDF: 0.300 10.40 0.985
PDF: 0.400 10.40 0.995
PDF: 0.500 10.40 1.000
PDF: 0.600 10.40 0.994
PDF: 0.700 10.40 0.878
PDF: 0.800 10.40 0.666
PDF: 0.900 10.40 0.433
PDF: 1.000 10.40 0.242
PDF: 1.100 10.40 0.116
PDF: 1.200 10.40 0.048
PDF: 1.300 10.40 0.017
PDF: 1.400 10.40 0.005
PDF: 1.500 10.40 0.001
PDF: 1.600 10.40 0.000
PDF: 1.700 10.40 0.000
PDF: 1.800 10.40 0.000
PDF: 1.900 10.40 0.000
PDF: 2.000 10.40 0.000
PDF: 2.100 10.40 0.000
PDF: 2.200 10.40 0.000
PDF: 2.300 10.40 0.000
PDF: 2.400 10.40 0.000
PDF: 2.500 10.40 0.000
PDF: 2.600 10.40 0.000
PDF: 2.700 10.40 0.000
PDF: 2.800 10.40 0.000
PDF: 2.900 10.40 0.000
PDF: 3.000 10.40 0.000
PDF: 3.100 10.40 0.000
PDF: 3.200 10.40 0.000
PDF: 3.300 10.40 0.000
PDF: 3.400 10.40 0.000
PDF: 3.500 10.40 0.000
PDF: 3.600 10.40 0.000
PDF: 3.700 10.40 0.000
PDF: 3.800 10.40 0.000
PDF: 3.900 10.40 0.000
PDF: 4.000 10.40 0.000
PDF: 4.100 10.40 0.000
PDF: 4.200 10.40 0.000
PDF: 4.300 10.40 0.000
PDF: 4.400 10.40 0.000
PDF: 4.500 10.40 0.000
PDF: 4.600 10.40 0.000
PDF: 4.700 10.40 0.000
PDF: 4.800 10.40 0.000
PDF: 4.900 10.40 0.000
PDF: -5.000 10.60 0.001
PDF: -4.900 10.60 0.002
PDF: -4.800 10.60 0.002
PDF: -4.700 10.60 0.003
PDF: -4.600 10.60 0.003
PDF: -4.500 10.60 0.004
PDF: -4.400 10.60 0.005
PDF: -4.300 10.60 0.006
PDF: -4.200 10.60 0.008
PDF: -4.100 10.60 0.010
PDF: -4.000 10.60 0.012
PDF: -3.900 10.60 0.014
PDF: -3.800 10.60 0.017
PDF: -3.700 10.60 0.021
PDF: -3.600 10.60 0.025
PDF: -3.500 10.60 0.030
PDF: -3.400 10.60 0.036
PDF: -3.300 10.60 0.042
PDF: -3.200 10.60 0.050
PDF: -3.100 10.60 0.058
PDF: -3.000 10.60 0.068
PDF: -2.900 10.60 0.079
PDF: -2.800 10.60 0.092
PDF: -2.700 10.60 0.106
PDF: -2.600 10.60 0.122
PDF: -2.500 10.60 0.140
PDF: -2.400 10.60 0.159
PDF: -2.300 10.60 0.180
PDF: -2.200 10.60 0.204
PDF: -2.100 10.60 0.229
PDF: -2.000 10.60 0.256
PDF: -1.900 10.60 0.285
PDF: -1.800 10.60 0.316
PDF: -1.700 10.60 0.349
PDF: -1.600 10.60 0.383
PDF: -1.500 10.60 0.419
PDF: -1.400 10.60 0.457
PDF: -1.300 10.60 0.496
PDF: -1.200 10.60 0.535
PDF: -1.100 10.60 0.575
PDF: -1.000 10.60 0.616
PDF: -0.900 10.60 0.656
PDF: -0.800 10.60 0.696
PDF: -0.700 10.60 0.735
PDF: -0.600 10.60 0.773
PDF: -0.500 10.60 0.809
PDF: -0.400 10.60 0.843
PDF: -0.300 10.60 0.875
PDF: -0.200 10.60 0.903
PDF: -0.100 10.60 0.929
PDF: -0.000 10.60 0.951
PDF: 0.100 10.60 0.970
PDF: 0.200 10.60 0.984
PDF: 0.300 10.60 0.994
PDF: 0.400 10.60 1.000
PDF: 0.500 10.60 1.000
PDF: 0.600 10.60 0.922
PDF: 0.700 10.60 0.756
PDF: 0.800 10.60 0.550
PDF: 0.900 10.60 0.355
PDF: 1.000 10.60 0.204
PDF: 1.100 10.60 0.104
PDF: 1.200 10.60 0.047
PDF: 1.300 10.60 0.019
PDF: 1.400 10.60 0.007
PDF: 1.500 10.60 0.002
PDF: 1.600 10.60 0.001
PDF: 1.700 10.60 0.000
PDF: 1.800 10.60 0.000
PDF: 1.900 10.60 0.000
PDF: 2.000 10.60 0.000
PDF: 2.100 10.60 0.000
PDF: 2.200 10.60 0.000
PDF: 2.300 10.60 0.000
PDF: 2.400 10.60 0.000
PDF: 2.500 10.60 0.000
PDF: 2.600 10.60 0.000
PDF: 2.700 10.60 0.000
PDF: 2.800 10.60 0.000
PDF: 2.900 10.60 0.000
PDF: 3.000 10.60 0.000
PDF: 3.100 10.60 0.000
PDF: 3.200 10.60 0.000
PDF: 3.300 10.60 0.000
PDF: 3.400 10.60 0.000
PDF: 3.500 10.60 0.000
PDF: 3.600 10.60 0.000
PDF: 3.700 10.60 0.000
PDF: 3.800 10.60 0.000
PDF: 3.900 10.60 0.000
PDF: 4.000 10.60 0.000
PDF: 4.100 10.60 0.000
PDF: 4.200 10.60 0.000
PDF: 4.300 10.60 0.000
PDF: 4.400 10.60 0.000
PDF: 4.500 10.60 0.000
PDF: 4.600 10.60 0.000
PDF: 4.700 10.60 0.000
PDF: 4.800 10.60 0.000
PDF: 4.900 10.60 0.000
PDF: -5.000 10.80 0.002
PDF: -4.900 10.80 0.002
PDF: -4.800 10.80 0.003
PDF: -4.700 10.80 0.003
PDF: -4.600 10.80 0.004
PDF: -4.500 10.80 0.005
PDF: -4.400 10.80 0.006
PDF: -4.300 10.80 0.008
PDF: -4.200 10.80 0.009
PDF: -4.100 10.80 0.012
PDF: -4.000 10.80 0.014
PDF: -3.900 10.80 0.017
PDF: -3.800 10.80 0.021
PDF: -3.700 10.80 0.025
PDF: -3.600 10.80 0.030
PDF: -3.500 10.80 0.036
PDF: -3.400 10.80 0.042
PDF: -3.300 10.80 0.050
PDF: -3.200 10.80 0.059
PDF: -3.100 10.80 0.069
PDF: -3.000 10.80 0.081
PDF: -2.900 10.80 0.094
PDF: -2.800 10.80 0.108
PDF: -2.700 10.80 0.125
PDF: -2.600 10.80 0.143
PDF: -2.500 10.80 0.163
PDF: -2.400 10.80 0.185
PDF: -2.300 10.80 0.209
PDF: -2.200 10.80 0.235
PDF: -2.100 10.80 0.263
PDF: -2.000 10.80 0.293
PDF: -1.900 10.80 0.325
PDF: -1.800 10.80 0.359
PDF: -1.700 10.80 0.395
PDF: -1.600 10.80 0.432
PDF: -1.500 10.80 0.470
PDF: -1.400 10.80 0.510
PDF: -1.300 10.80 0.550
PDF: -1.200 10.80 0.591
PDF: -1.100 10.80 0.632
PDF: -1.000 10.80 0.673
PDF: -0.900 10.80 0.713
PDF: -0.800 10.80 0.752
PDF: -0.700 10.80 0.790
PDF: -0.600 10.80 0.825
PDF: -0.500 10.80 0.859
PDF: -0.400 10.80 0.889
PDF: -0.300 10.80 0.917
PDF: -0.200 10.80 0.941
PDF: -0.100 10.80 0.961
PDF: -0.000 10.80 0.977
PDF: 0.100 10.80 0.989
PDF: 0.200 10.80 0.997
PDF: 0.300 10.80 1.000
PDF: 0.400 10.80 0.976
PDF: 0.500 10.80 0.891
PDF: 0.600 10.80 0.758
PDF: 0.700 10.80 0.602
PDF: 0.800 10.80 0.446
PDF: 0.900 10.80 0.309
PDF: 1.000 10.80 0.199
PDF: 1.100 10.80 0.120
PDF: 1.200 10.80 0.068
PDF: 1.300 10.80 0.035
PDF: 1.400 10.80 0.017
PDF: 1.500 10.80 0.008
PDF: 1.600 10.80 0.003
PDF: 1.700 10.80 0.001
PDF: 1.800 10.80 0.001
PDF: 1.900 10.80 0.000
PDF: 2.000 10.80 0.000
PDF: 2.100 10.80 0.000
PDF: 2.200 10.80 0.000
PDF: 2.300 10.80 0.000
PDF: 2.400 10.80 0.000
PDF: 2.500 10.80 0.000
PDF: 2.600 10.80 0.000
PDF: 2.700 10.80 0.000
PDF: 2.800 10.80 0.000
PDF: 2.900 10.80 0.000
PDF: 3.000 10.80 0.000
PDF: 3.100 10.80 0.000
PDF: 3.200 10.80 0.000
PDF: 3.300 10.80 0.000
PDF: 3.400 10.80 0.000
PDF: 3.500 10.80 0.000
PDF: 3.600 10.80 0.000
PDF: 3.700 10.80 0.000
PDF: 3.800 10.80 0.000
PDF: 3.900 10.80 0.000
PDF: 4.000 10.80 0.000
PDF: 4.100 10.80 0.000
PDF: 4.200 10.80 0.000
PDF: 4.300 10.80 0.000
PDF: 4.400 10.80 0.000
PDF: 4.500 10.80 0.000
PDF: 4.600 10.80 0.000
PDF: 4.700 10.80 0.000
PDF: 4.800 10.80 0.000
PDF: 4.900 10.80 0.000
PDF: -5.000 11.00 0.001
PDF: -4.900 11.00 0.001
PDF: -4.800 11.00 0.002
PDF: -4.700 11.00 0.002
PDF: -4.600 11.00 0.003
PDF: -4.500 11.00 0.003
PDF: -4.400 11.00 0.004
PDF: -4.300 11.00 0.006
PDF: -4.200 11.00 0.007
PDF: -4.100 11.00 0.009
PDF: -4.000 11.00 0.011
PDF: -3.900 11.00 0.014
PDF: -3.800 11.00 0.018
PDF: -3.700 11.00 0.022
PDF: -3.600 11.00 0.027
PDF: -3.500 11.00 0.033
PDF: -3.400 11.00 0.040
PDF: -3.300 11.00 0.048
PDF: -3.200 11.00 0.057
PDF: -3.100 11.00 0.068
PDF: -3.000 11.00 0.081
PDF: -2.900 11.00 0.096
PDF: -2.800 11.00 0.112
PDF: -2.700 11.00 0.131
PDF: -2.600 11.00 0.152
PDF: -2.500 11.00 0.175
PDF: -2.400 11.00 0.201
PDF: -2.300 11.00 0.230
PDF: -2.200 11.00 0.260
PDF: -2.100 11.00 0.294
PDF: -2.000 11.00 0.329
PDF: -1.900 11.00 0.367
PDF: -1.800 11.00 0.407
PDF: -1.700 11.00 0.449
PDF: -1.600 11.00 0.493
PDF: -1.500 11.00 0.537
PDF: -1.400 11.00 0.583
PDF: -1.300 11.00 0.628
PDF: -1.200 11.00 0.673
PDF: -1.100 11.00 0.718
PDF: -1.000 11.00 0.761
PDF: -0.900 11.00 0.802
PDF: -0.800 11.00 0.841
PDF: -0.700 11.00 0.876
PDF: -0.600 11.00 0.908
PDF: -0.500 11.00 0.936
PDF: -0.400 11.00 0.959
PDF: -0.300 11.00 0.978
PDF: -0.200 11.00 0.991
PDF: -0.100 11.00 0.998
PDF: -0.000 11.00 1.000
PDF: 0.100 11.00 0.978
PDF: 0.200 11.00 0.923
PDF: 0.300 11.00 0.842
PDF: 0.400 11.00 0.742
PDF: 0.500 11.00 0.631
PDF: 0.600 11.00 0.518
PDF: 0.700 11.00 0.411
PDF: 0.800 11.00 0.315
PDF: 0.900 11.00 0.233
PDF: 1.000 11.00 0.167
PDF: 1.100 11.00 0.115
PDF: 1.200 11.00 0.077
PDF: 1.300 11.00 0.049
PDF: 1.400 11.00 0.031
PDF: 1.500 11.00 0.018
PDF: 1.600 11.00 0.011
PDF: 1.700 11.00 0.006
PDF: 1.800 11.00 0.003
PDF: 1.900 11.00 0.002
PDF: 2.000 11.00 0.001
PDF: 2.100 11.00 0.000
PDF: 2.200 11.00 0.000
PDF: 2.300 11.00 0.000
PDF: 2.400 11.00 0.000
PDF: 2.500 11.00 0.000
PDF: 2.600 11.00 0.000
PDF: 2.700 11.00 0.000
PDF: 2.800 11.00 0.000
PDF: 2.900 11.00 0.000
PDF: 3.000 11.00 0.000
PDF: 3.100 11.00 0.000
PDF: 3.200 11.00 0.000
PDF: 3.300 11.00 0.000
PDF: 3.400 11.00 0.000
PDF: 3.500 11.00 0.000
PDF: 3.600 11.00 0.000
PDF: 3.700 11.00 0.000
PDF: 3.800 11.00 0.000
PDF: 3.900 11.00 0.000
PDF: 4.000 11.00 0.000
PDF: 4.100 11.00 0.000
PDF: 4.200 11.00 0.000
PDF: 4.300 11.00 0.000
PDF: 4.400 11.00 0.000
PDF: 4.500 11.00 0.000
PDF: 4.600 11.00 0.000
PDF: 4.700 11.00 0.000
PDF: 4.800 11.00 0.000
PDF: 4.900 11.00 0.000
PDF: -5.000 11.20 0.000
PDF: -4.900 11.20 0.000
PDF: -4.800 11.20 0.000
PDF: -4.700 11.20 0.000
PDF: -4.600 11.20 0.000
PDF: -4.500 11.20 0.000
PDF: -4.400 11.20 0.001
PDF: -4.300 11.20 0.001
PDF: -4.200 11.20 0.001
PDF: -4.100 11.20 0.002
PDF: -4.000 11.20 0.002
PDF: -3.900 11.20 0.003
PDF: -3.800 11.20 0.005
PDF: -3.700 11.20 0.006
PDF: -3.600 11.20 0.008
PDF: -3.500 11.20 0.011
PDF: -3.400 11.20 0.015
PDF: -3.300 11.20 0.020
PDF: -3.200 11.20 0.026
PDF: -3.100 11.20 0.033
PDF: -3.000 11.20 0.042
PDF: -2.900 11.20 0.054
PDF: -2.800 11.20 0.068
PDF: -2.700 11.20 0.084
PDF: -2.600 11.20 0.104
PDF: -2.500 11.20 0.127
PDF: -2.400 11.20 0.154
PDF: -2.300 11.20 0.184
PDF: -2.200 11.20 0.219
PDF: -2.100 11.20 0.258
PDF: -2.000 11.20 0.301
PDF: -1.900 11.20 0.348
PDF: -1.800 11.20 0.398
PDF: -1.700 11.20 0.452
PDF: -1.600 11.20 0.508
PDF: -1.500 11.20 0.566
PDF: -1.400 11.20 0.624
PDF: -1.300 11.20 0.682
PDF: -1.200 11.20 0.739
PDF: -1.100 11.20 0.793
PDF: -1.000 11.20 0.843
PDF: -0.900 11.20 0.887
PDF: -0.800 11.20 0.926
PDF: -0.700 11.20 0.957
PDF: -0.600 11.20 0.980
PDF: -0.500 11.20 0.995
PDF: -0.400 11.20 1.000
PDF: -0.300 11.20 0.993
PDF: -0.200 11.20 0.970
PDF: -0.100 11.20 0.932
PDF: -0.000 11.20 0.881
PDF: 0.100 11.20 0.819
PDF: 0.200 11.20 0.750
PDF: 0.300 11.20 0.675
PDF: 0.400 11.20 0.598
PDF: 0.500 11.20 0.521
PDF: 0.600 11.20 0.446
PDF: 0.700 11.20 0.376
PDF: 0.800 11.20 0.312
PDF: 0.900 11.20 0.255
PDF: 1.000 11.20 0.204
PDF: 1.100 11.20 0.161
PDF: 1.200 11.20 0.125
PDF: 1.300 11.20 0.096
PDF: 1.400 11.20 0.072
PDF: 1.500 11.20 0.053
PDF: 1.600 11.20 0.039
PDF: 1.700 11.20 0.028
PDF: 1.800 11.20 0.020
PDF: 1.900 11.20 0.014
PDF: 2.000 11.20 0.009
PDF: 2.100 11.20 0.006
PDF: 2.200 11.20 0.004
PDF: 2.300 11.20 0.003
PDF: 2.400 11.20 0.002
PDF: 2.500 11.20 0.001
PDF: 2.600 11.20 0.001
PDF: 2.700 11.20 0.000
PDF: 2.800 11.20 0.000
PDF: 2.900 11.20 0.000
PDF: 3.000 11.20 0.000
PDF: 3.100 11.20 0.000
PDF: 3.200 11.20 0.000
PDF: 3.300 11.20 0.000
PDF: 3.400 11.20 0.000
PDF: 3.500 11.20 0.000
PDF: 3.600 11.20 0.000
PDF: 3.700 11.20 0.000
PDF: 3.800 11.20 0.000
PDF: 3.900 11.20 0.000
PDF: 4.000 11.20 0.000
PDF: 4.100 11.20 0.000
PDF: 4.200 11.20 0.000
PDF: 4.300 11.20 0.000
PDF: 4.400 11.20 0.000
PDF: 4.500 11.20 0.000
PDF: 4.600 11.20 0.000
PDF: 4.700 11.20 0.000
PDF: 4.800 11.20 0.000
PDF: 4.900 11.20 0.000
PDF: -5.000 11.40 0.001
PDF: -4.900 11.40 0.001
PDF: -4.800 11.40 0.001
PDF: -4.700 11.40 0.002
PDF: -4.600 11.40 0.002
PDF: -4.500 11.40 0.003
PDF: -4.400 11.40 0.004
PDF: -4.300 11.40 0.005
PDF: -4.200 11.40 0.006
PDF: -4.100 11.40 0.008
PDF: -4.000 11.40 0.010
PDF: -3.900 11.40 0.013
PDF: -3.800 11.40 0.016
PDF: -3.700 11.40 0.020
PDF: -3.600 11.40 0.025
PDF: -3.500 11.40 0.031
PDF: -3.400 11.40 0.037
PDF: -3.300 11.40 0.045
PDF: -3.200 11.40 0.055
PDF: -3.100 11.40 0.066
PDF: -3.000 11.40 0.078
PDF: -2.900 11.40 0.093
PDF: -2.800 11.40 0.109
PDF: -2.700 11.40 0.128
PDF: -2.600 11.40 0.149
PDF: -2.500 11.40 0.173
PDF: -2.400 11.40 0.199
PDF: -2.300 11.40 0.228
PDF: -2.200 11.40 0.259
PDF: -2.100 11.40 0.293
PDF: -2.000 11.40 0.330
PDF: -1.900 11.40 0.368
PDF: -1.800 11.40 0.409
PDF: -1.700 11.40 0.452
PDF: -1.600 11.40 0.497
PDF: -1.500 11.40 0.542
PDF: -1.400 11.40 0.589
PDF: -1.300 11.40 0.635
PDF: -1.200 11.40 0.681
PDF: -1.100 11.40 0.727
PDF: -1.000 11.40 0.770
PDF: -0.900 11.40 0.812
PDF: -0.800 11.40 0.851
PDF: -0.700 11.40 0.886
PDF: -0.600 11.40 0.917
PDF: -0.500 11.40 0.944
PDF: -0.400 11.40 0.966
PDF: -0.300 11.40 0.983
PDF: -0.200 11.40 0.995
PDF: -0.100 11.40 1.000
PDF: -0.000 11.40 0.995
PDF: 0.100 11.40 0.958
PDF: 0.200 11.40 0.890
PDF: 0.300 11.40 0.798
PDF: 0.400 11.40 0.691
PDF: 0.500 11.40 0.578
PDF: 0.600 11.40 0.466
PDF: 0.700 11.40 0.363
PDF: 0.800 11.40 0.272
PDF: 0.900 11.40 0.198
PDF: 1.000 11.40 0.138
PDF: 1.100 11.40 0.093
PDF: 1.200 11.40 0.061
PDF: 1.300 11.40 0.038
PDF: 1.400 11.40 0.023
PDF: 1.500 11.40 0.014
PDF: 1.600 11.40 0.008
PDF: 1.700 11.40 0.004
PDF: 1.800 11.40 0.002
PDF: 1.900 11.40 0.001
PDF: 2.000 11.40 0.001
PDF: 2.100 11.40 0.000
PDF: 2.200 11.40 0.000
PDF: 2.300 11.40 0.000
PDF: 2.400 11.40 0.000
PDF: 2.500 11.40 0.000
PDF: 2.600 11.40 0.000
PDF: 2.700 11.40 0.000
PDF: 2.800 11.40 0.000
PDF: 2.900 11.40 0.000
PDF: 3.000 11.40 0.000
PDF: 3.100 11.40 0.000
PDF: 3.200 11.40 0.000
PDF: 3.300 11.40 0.000
PDF: 3.400 11.40 0.000
PDF: 3.500 11.40 0.000
PDF: 3.600 11.40 0.000
PDF: 3.700 11.40 0.000
PDF: 3.800 11.40 0.000
PDF: 3.900 11.40 0.000
PDF: 4.000 11.40 0.000
PDF: 4.100 11.40 0.000
PDF: 4.200 11.40 0.000
PDF: 4.300 11.40 0.000
PDF: 4.400 11.40 0.000
PDF: 4.500 11.40 0.000
PDF: 4.600 11.40 0.000
PDF: 4.700 11.40 0.000
PDF: 4.800 11.40 0.000
PDF: 4.900 11.40 0.000
PDF: -5.000 11.60 0.004
PDF: -4.900 11.60 0.005
PDF: -4.800 11.60 0.007
PDF: -4.700 11.60 0.008
PDF: -4.600 11.60 0.010
PDF: -4.500 11.60 0.012
PDF: -4.400 11.60 0.015
PDF: -4.300 11.60 0.019
PDF: -4.200 11.60 0.023
PDF: -4.100 11.60 0.027
PDF: -4.000 11.60 0.033
PDF: -3.900 11.60 0.039
PDF: -3.800 11.60 0.046
PDF: -3.700 11.60 0.055
PDF: -3.600 11.60 0.065
PDF: -3.500 11.60 0.076
PDF: -3.400 11.60 0.089
PDF: -3.300 11.60 0.103
PDF: -3.200 11.60 0.119
PDF: -3.100 11.60 0.137
PDF: -3.000 11.60 0.157
PDF: -2.900 11.60 0.179
PDF: -2.800 11.60 0.203
PDF: -2.700 11.60 0.230
PDF: -2.600 11.60 0.258
PDF: -2.500 11.60 0.288
PDF: -2.400 11.60 0.321
PDF: -2.300 11.60 0.355
PDF: -2.200 11.60 0.392
PDF: -2.100 11.60 0.429
PDF: -2.000 11.60 0.469
PDF: -1.900 11.60 0.509
PDF: -1.800 11.60 0.551
PDF: -1.700 11.60 0.593
PDF: -1.600 11.60 0.634
PDF: -1.500 11.60 0.676
PDF: -1.400 11.60 0.717
PDF: -1.300 11.60 0.757
PDF: -1.200 11.60 0.795
PDF: -1.100 11.60 0.832
PDF: -1.000 11.60 0.865
PDF: -0.900 11.60 0.896
PDF: -0.800 11.60 0.923
PDF: -0.700 11.60 0.947
PDF: -0.600 11.60 0.967
PDF: -0.500 11.60 0.982
PDF: -0.400 11.60 0.993
PDF: -0.300 11.60 0.999
PDF: -0.200 11.60 1.000
PDF: -0.100 11.60 0.988
PDF: -0.000 11.60 0.961
PDF: 0.100 11.60 0.919
PDF: 0.200 11.60 0.865
PDF: 0.300 11.60 0.801
PDF: 0.400 11.60 0.729
PDF: 0.500 11.60 0.653
PDF: 0.600 11.60 0.576
PDF: 0.700 11.60 0.499
PDF: 0.800 11.60 0.426
PDF: 0.900 11.60 0.357
PDF: 1.000 11.60 0.295
PDF: 1.100 11.60 0.239
PDF: 1.200 11.60 0.191
PDF: 1.300 11.60 0.150
PDF: 1.400 11.60 0.116
PDF: 1.500 11.60 0.088
PDF: 1.600 11.60 0.066
PDF: 1.700 11.60 0.049
PDF: 1.800 11.60 0.035
PDF: 1.900 11.60 0.025
PDF: 2.000 11.60 0.018
PDF: 2.100 11.60 0.012
PDF: 2.200 11.60 0.008
PDF: 2.300 11.60 0.005
PDF: 2.400 11.60 0.004
PDF: 2.500 11.60 0.002
PDF: 2.600 11.60 0.001
PDF: 2.700 11.60 0.001
PDF: 2.800 11.60 0.001
PDF: 2.900 11.60 0.000
PDF: 3.000 11.60 0.000
PDF: 3.100 11.60 0.000
PDF: 3.200 11.60 0.000
PDF: 3.300 11.60 0.000
PDF: 3.400 11.60 0.000
PDF: 3.500 11.60 0.000
PDF: 3.600 11.60 0.000
PDF: 3.700 11.60 0.000
PDF: 3.800 11.60 0.000
PDF: 3.900 11.60 0.000
PDF: 4.000 11.60 0.000
PDF: 4.100 11.60 0.000
PDF: 4.200 11.60 0.000
PDF: 4.300 11.60 0.000
PDF: 4.400 11.60 0.000
PDF: 4.500 11.60 0.000
PDF: 4.600 11.60 0.000
PDF: 4.700 11.60 0.000
PDF: 4.800 11.60 0.000
PDF: 4.900 11.60 0.000
PDF: -5.000 11.80 0.000
PDF: -4.900 11.80 0.000
PDF: -4.800 11.80 0.000
PDF: -4.700 11.80 0.000
PDF: -4.600 11.80 0.000
PDF: -4.500 11.80 0.000
PDF: -4.400 11.80 0.001
PDF: -4.300 11.80 0.001
PDF: -4.200 11.80 0.002
PDF: -4.100 11.80 0.003
PDF: -4.000 11.80 0.004
PDF: -3.900 11.80 0.006
PDF: -3.800 11.80 0.010
PDF: -3.700 11.80 0.015
PDF: -3.600 11.80 0.022
PDF: -3.500 11.80 0.031
PDF: -3.400 11.80 0.045
PDF: -3.300 11.80 0.062
PDF: -3.200 11.80 0.085
PDF: -3.100 11.80 0.115
PDF: -3.000 11.80 0.152
PDF: -2.900 11.80 0.197
PDF: -2.800 11.80 0.250
PDF: -2.700 11.80 0.312
PDF: -2.600 11.80 0.381
PDF: -2.500 11.80 0.457
PDF: -2.400 11.80 0.538
PDF: -2.300 11.80 0.622
PDF: -2.200 11.80 0.705
PDF: -2.100 11.80 0.784
PDF: -2.000 11.80 0.855
PDF: -1.900 11.80 0.915
PDF: -1.800 11.80 0.961
PDF: -1.700 11.80 0.989
PDF: -1.600 11.80 1.000
PDF: -1.500 11.80 0.998
PDF: -1.400 11.80 0.993
PDF: -1.300 11.80 0.983
PDF: -1.200 11.80 0.970
PDF: -1.100 11.80 0.953
PDF: -1.000 11.80 0.933
PDF: -0.900 11.80 0.910
PDF: -0.800 11.80 0.884
PDF: -0.700 11.80 0.856
PDF: -0.600 11.80 0.825
PDF: -0.500 11.80 0.792
PDF: -0.400 11.80 0.757
PDF: -0.300 11.80 0.721
PDF: -0.200 11.80 0.684
PDF: -0.100 11.80 0.647
PDF: -0.000 11.80 0.609
PDF: 0.100 11.80 0.571
PDF: 0.200 11.80 0.534
PDF: 0.300 11.80 0.497
PDF: 0.400 11.80 0.460
PDF: 0.500 11.80 0.425
PDF: 0.600 11.80 0.391
PDF: 0.700 11.80 0.358
PDF: 0.800 11.80 0.327
PDF: 0.900 11.80 0.297
PDF: 1.000 11.80 0.269
PDF: 1.100 11.80 0.243
PDF: 1.200 11.80 0.218
PDF: 1.300 11.80 0.195
PDF: 1.400 11.80 0.174
PDF: 1.500 11.80 0.155
PDF: 1.600 11.80 0.137
PDF: 1.700 11.80 0.120
PDF: 1.800 11.80 0.106
PDF: 1.900 11.80 0.092
PDF: 2.000 11.80 0.081
PDF: 2.100 11.80 0.070
PDF: 2.200 11.80 0.060
PDF: 2.300 11.80 0.052
PDF: 2.400 11.80 0.045
PDF: 2.500 11.80 0.038
PDF: 2.600 11.80 0.032
PDF: 2.700 11.80 0.027
PDF: 2.800 11.80 0.023
PDF: 2.900 11.80 0.019
PDF: 3.000 11.80 0.016
PDF: 3.100 11.80 0.014
PDF: 3.200 11.80 0.011
PDF: 3.300 11.80 0.009
PDF: 3.400 11.80 0.008
PDF: 3.500 11.80 0.006
PDF: 3.600 11.80 0.005
PDF: 3.700 11.80 0.004
PDF: 3.800 11.80 0.003
PDF: 3.900 11.80 0.003
PDF: 4.000 11.80 0.002
PDF: 4.100 11.80 0.002
PDF: 4.200 11.80 0.001
PDF: 4.300 11.80 0.001
PDF: 4.400 11.80 0.001
PDF: 4.500 11.80 0.001
PDF: 4.600 11.80 0.001
PDF: 4.700 11.80 0.000
PDF: 4.800 11.80 0.000
PDF: 4.900 11.80 0.000
