VARNAMES: SALT2c LOGMASS PROB
PDF: -0.500 8.40 0.000
PDF: -0.490 8.40 0.000
PDF: -0.480 8.40 0.000
PDF: -0.470 8.40 0.000
PDF: -0.460 8.40 0.000
PDF: -0.450 8.40 0.000
PDF: -0.440 8.40 0.000
PDF: -0.430 8.40 0.000
PDF: -0.420 8.40 0.000
PDF: -0.410 8.40 0.000
PDF: -0.400 8.40 0.000
PDF: -0.390 8.40 0.000
PDF: -0.380 8.40 0.000
PDF: -0.370 8.40 0.000
PDF: -0.360 8.40 0.000
PDF: -0.350 8.40 0.000
PDF: -0.340 8.40 0.000
PDF: -0.330 8.40 0.000
PDF: -0.320 8.40 0.000
PDF: -0.310 8.40 0.000
PDF: -0.300 8.40 0.000
PDF: -0.290 8.40 0.000
PDF: -0.280 8.40 0.000
PDF: -0.270 8.40 0.000
PDF: -0.260 8.40 0.000
PDF: -0.250 8.40 0.000
PDF: -0.240 8.40 0.000
PDF: -0.230 8.40 0.000
PDF: -0.220 8.40 0.000
PDF: -0.210 8.40 0.000
PDF: -0.200 8.40 0.000
PDF: -0.190 8.40 0.001
PDF: -0.180 8.40 0.003
PDF: -0.170 8.40 0.008
PDF: -0.160 8.40 0.018
PDF: -0.150 8.40 0.037
PDF: -0.140 8.40 0.073
PDF: -0.130 8.40 0.133
PDF: -0.120 8.40 0.224
PDF: -0.110 8.40 0.348
PDF: -0.100 8.40 0.502
PDF: -0.090 8.40 0.670
PDF: -0.080 8.40 0.827
PDF: -0.070 8.40 0.945
PDF: -0.060 8.40 1.000
PDF: -0.050 8.40 0.998
PDF: -0.040 8.40 0.983
PDF: -0.030 8.40 0.956
PDF: -0.020 8.40 0.918
PDF: -0.010 8.40 0.871
PDF: 0.000 8.40 0.816
PDF: 0.010 8.40 0.755
PDF: 0.020 8.40 0.691
PDF: 0.030 8.40 0.624
PDF: 0.040 8.40 0.556
PDF: 0.050 8.40 0.490
PDF: 0.060 8.40 0.427
PDF: 0.070 8.40 0.367
PDF: 0.080 8.40 0.312
PDF: 0.090 8.40 0.261
PDF: 0.100 8.40 0.217
PDF: 0.110 8.40 0.177
PDF: 0.120 8.40 0.143
PDF: 0.130 8.40 0.114
PDF: 0.140 8.40 0.090
PDF: 0.150 8.40 0.070
PDF: 0.160 8.40 0.054
PDF: 0.170 8.40 0.041
PDF: 0.180 8.40 0.031
PDF: 0.190 8.40 0.023
PDF: 0.200 8.40 0.017
PDF: 0.210 8.40 0.012
PDF: 0.220 8.40 0.009
PDF: 0.230 8.40 0.006
PDF: 0.240 8.40 0.004
PDF: 0.250 8.40 0.003
PDF: 0.260 8.40 0.002
PDF: 0.270 8.40 0.001
PDF: 0.280 8.40 0.001
PDF: 0.290 8.40 0.001
PDF: 0.300 8.40 0.000
PDF: 0.310 8.40 0.000
PDF: 0.320 8.40 0.000
PDF: 0.330 8.40 0.000
PDF: 0.340 8.40 0.000
PDF: 0.350 8.40 0.000
PDF: 0.360 8.40 0.000
PDF: 0.370 8.40 0.000
PDF: 0.380 8.40 0.000
PDF: 0.390 8.40 0.000
PDF: 0.400 8.40 0.000
PDF: 0.410 8.40 0.000
PDF: 0.420 8.40 0.000
PDF: 0.430 8.40 0.000
PDF: 0.440 8.40 0.000
PDF: 0.450 8.40 0.000
PDF: 0.460 8.40 0.000
PDF: 0.470 8.40 0.000
PDF: 0.480 8.40 0.000
PDF: 0.490 8.40 0.000
PDF: -0.500 8.60 0.000
PDF: -0.490 8.60 0.000
PDF: -0.480 8.60 0.000
PDF: -0.470 8.60 0.000
PDF: -0.460 8.60 0.000
PDF: -0.450 8.60 0.000
PDF: -0.440 8.60 0.000
PDF: -0.430 8.60 0.000
PDF: -0.420 8.60 0.000
PDF: -0.410 8.60 0.000
PDF: -0.400 8.60 0.000
PDF: -0.390 8.60 0.000
PDF: -0.380 8.60 0.000
PDF: -0.370 8.60 0.000
PDF: -0.360 8.60 0.000
PDF: -0.350 8.60 0.000
PDF: -0.340 8.60 0.000
PDF: -0.330 8.60 0.000
PDF: -0.320 8.60 0.000
PDF: -0.310 8.60 0.000
PDF: -0.300 8.60 0.000
PDF: -0.290 8.60 0.000
PDF: -0.280 8.60 0.000
PDF: -0.270 8.60 0.000
PDF: -0.260 8.60 0.000
PDF: -0.250 8.60 0.001
PDF: -0.240 8.60 0.001
PDF: -0.230 8.60 0.003
PDF: -0.220 8.60 0.004
PDF: -0.210 8.60 0.007
PDF: -0.200 8.60 0.011
PDF: -0.190 8.60 0.017
PDF: -0.180 8.60 0.027
PDF: -0.170 8.60 0.040
PDF: -0.160 8.60 0.058
PDF: -0.150 8.60 0.082
PDF: -0.140 8.60 0.114
PDF: -0.130 8.60 0.154
PDF: -0.120 8.60 0.205
PDF: -0.110 8.60 0.265
PDF: -0.100 8.60 0.336
PDF: -0.090 8.60 0.416
PDF: -0.080 8.60 0.503
PDF: -0.070 8.60 0.595
PDF: -0.060 8.60 0.687
PDF: -0.050 8.60 0.775
PDF: -0.040 8.60 0.854
PDF: -0.030 8.60 0.921
PDF: -0.020 8.60 0.969
PDF: -0.010 8.60 0.997
PDF: 0.000 8.60 1.000
PDF: 0.010 8.60 0.938
PDF: 0.020 8.60 0.811
PDF: 0.030 8.60 0.647
PDF: 0.040 8.60 0.475
PDF: 0.050 8.60 0.321
PDF: 0.060 8.60 0.200
PDF: 0.070 8.60 0.115
PDF: 0.080 8.60 0.061
PDF: 0.090 8.60 0.030
PDF: 0.100 8.60 0.013
PDF: 0.110 8.60 0.006
PDF: 0.120 8.60 0.002
PDF: 0.130 8.60 0.001
PDF: 0.140 8.60 0.000
PDF: 0.150 8.60 0.000
PDF: 0.160 8.60 0.000
PDF: 0.170 8.60 0.000
PDF: 0.180 8.60 0.000
PDF: 0.190 8.60 0.000
PDF: 0.200 8.60 0.000
PDF: 0.210 8.60 0.000
PDF: 0.220 8.60 0.000
PDF: 0.230 8.60 0.000
PDF: 0.240 8.60 0.000
PDF: 0.250 8.60 0.000
PDF: 0.260 8.60 0.000
PDF: 0.270 8.60 0.000
PDF: 0.280 8.60 0.000
PDF: 0.290 8.60 0.000
PDF: 0.300 8.60 0.000
PDF: 0.310 8.60 0.000
PDF: 0.320 8.60 0.000
PDF: 0.330 8.60 0.000
PDF: 0.340 8.60 0.000
PDF: 0.350 8.60 0.000
PDF: 0.360 8.60 0.000
PDF: 0.370 8.60 0.000
PDF: 0.380 8.60 0.000
PDF: 0.390 8.60 0.000
PDF: 0.400 8.60 0.000
PDF: 0.410 8.60 0.000
PDF: 0.420 8.60 0.000
PDF: 0.430 8.60 0.000
PDF: 0.440 8.60 0.000
PDF: 0.450 8.60 0.000
PDF: 0.460 8.60 0.000
PDF: 0.470 8.60 0.000
PDF: 0.480 8.60 0.000
PDF: 0.490 8.60 0.000
PDF: -0.500 8.80 0.000
PDF: -0.490 8.80 0.000
PDF: -0.480 8.80 0.000
PDF: -0.470 8.80 0.000
PDF: -0.460 8.80 0.000
PDF: -0.450 8.80 0.000
PDF: -0.440 8.80 0.000
PDF: -0.430 8.80 0.000
PDF: -0.420 8.80 0.000
PDF: -0.410 8.80 0.000
PDF: -0.400 8.80 0.000
PDF: -0.390 8.80 0.000
PDF: -0.380 8.80 0.000
PDF: -0.370 8.80 0.000
PDF: -0.360 8.80 0.000
PDF: -0.350 8.80 0.000
PDF: -0.340 8.80 0.000
PDF: -0.330 8.80 0.000
PDF: -0.320 8.80 0.000
PDF: -0.310 8.80 0.000
PDF: -0.300 8.80 0.000
PDF: -0.290 8.80 0.000
PDF: -0.280 8.80 0.000
PDF: -0.270 8.80 0.000
PDF: -0.260 8.80 0.000
PDF: -0.250 8.80 0.000
PDF: -0.240 8.80 0.000
PDF: -0.230 8.80 0.001
PDF: -0.220 8.80 0.001
PDF: -0.210 8.80 0.002
PDF: -0.200 8.80 0.004
PDF: -0.190 8.80 0.007
PDF: -0.180 8.80 0.012
PDF: -0.170 8.80 0.019
PDF: -0.160 8.80 0.031
PDF: -0.150 8.80 0.049
PDF: -0.140 8.80 0.074
PDF: -0.130 8.80 0.109
PDF: -0.120 8.80 0.156
PDF: -0.110 8.80 0.216
PDF: -0.100 8.80 0.290
PDF: -0.090 8.80 0.376
PDF: -0.080 8.80 0.474
PDF: -0.070 8.80 0.579
PDF: -0.060 8.80 0.686
PDF: -0.050 8.80 0.787
PDF: -0.040 8.80 0.875
PDF: -0.030 8.80 0.944
PDF: -0.020 8.80 0.987
PDF: -0.010 8.80 1.000
PDF: 0.000 8.80 0.976
PDF: 0.010 8.80 0.914
PDF: 0.020 8.80 0.821
PDF: 0.030 8.80 0.707
PDF: 0.040 8.80 0.583
PDF: 0.050 8.80 0.462
PDF: 0.060 8.80 0.351
PDF: 0.070 8.80 0.255
PDF: 0.080 8.80 0.178
PDF: 0.090 8.80 0.119
PDF: 0.100 8.80 0.077
PDF: 0.110 8.80 0.047
PDF: 0.120 8.80 0.028
PDF: 0.130 8.80 0.016
PDF: 0.140 8.80 0.009
PDF: 0.150 8.80 0.004
PDF: 0.160 8.80 0.002
PDF: 0.170 8.80 0.001
PDF: 0.180 8.80 0.000
PDF: 0.190 8.80 0.000
PDF: 0.200 8.80 0.000
PDF: 0.210 8.80 0.000
PDF: 0.220 8.80 0.000
PDF: 0.230 8.80 0.000
PDF: 0.240 8.80 0.000
PDF: 0.250 8.80 0.000
PDF: 0.260 8.80 0.000
PDF: 0.270 8.80 0.000
PDF: 0.280 8.80 0.000
PDF: 0.290 8.80 0.000
PDF: 0.300 8.80 0.000
PDF: 0.310 8.80 0.000
PDF: 0.320 8.80 0.000
PDF: 0.330 8.80 0.000
PDF: 0.340 8.80 0.000
PDF: 0.350 8.80 0.000
PDF: 0.360 8.80 0.000
PDF: 0.370 8.80 0.000
PDF: 0.380 8.80 0.000
PDF: 0.390 8.80 0.000
PDF: 0.400 8.80 0.000
PDF: 0.410 8.80 0.000
PDF: 0.420 8.80 0.000
PDF: 0.430 8.80 0.000
PDF: 0.440 8.80 0.000
PDF: 0.450 8.80 0.000
PDF: 0.460 8.80 0.000
PDF: 0.470 8.80 0.000
PDF: 0.480 8.80 0.000
PDF: 0.490 8.80 0.000
PDF: -0.500 9.00 0.000
PDF: -0.490 9.00 0.000
PDF: -0.480 9.00 0.000
PDF: -0.470 9.00 0.000
PDF: -0.460 9.00 0.000
PDF: -0.450 9.00 0.000
PDF: -0.440 9.00 0.000
PDF: -0.430 9.00 0.000
PDF: -0.420 9.00 0.000
PDF: -0.410 9.00 0.000
PDF: -0.400 9.00 0.000
PDF: -0.390 9.00 0.000
PDF: -0.380 9.00 0.000
PDF: -0.370 9.00 0.000
PDF: -0.360 9.00 0.000
PDF: -0.350 9.00 0.000
PDF: -0.340 9.00 0.000
PDF: -0.330 9.00 0.000
PDF: -0.320 9.00 0.000
PDF: -0.310 9.00 0.000
PDF: -0.300 9.00 0.000
PDF: -0.290 9.00 0.000
PDF: -0.280 9.00 0.000
PDF: -0.270 9.00 0.000
PDF: -0.260 9.00 0.000
PDF: -0.250 9.00 0.000
PDF: -0.240 9.00 0.001
PDF: -0.230 9.00 0.001
PDF: -0.220 9.00 0.002
PDF: -0.210 9.00 0.004
PDF: -0.200 9.00 0.006
PDF: -0.190 9.00 0.011
PDF: -0.180 9.00 0.017
PDF: -0.170 9.00 0.026
PDF: -0.160 9.00 0.040
PDF: -0.150 9.00 0.059
PDF: -0.140 9.00 0.086
PDF: -0.130 9.00 0.120
PDF: -0.120 9.00 0.165
PDF: -0.110 9.00 0.221
PDF: -0.100 9.00 0.288
PDF: -0.090 9.00 0.366
PDF: -0.080 9.00 0.453
PDF: -0.070 9.00 0.546
PDF: -0.060 9.00 0.643
PDF: -0.050 9.00 0.738
PDF: -0.040 9.00 0.825
PDF: -0.030 9.00 0.900
PDF: -0.020 9.00 0.956
PDF: -0.010 9.00 0.990
PDF: 0.000 9.00 1.000
PDF: 0.010 9.00 0.965
PDF: 0.020 9.00 0.879
PDF: 0.030 9.00 0.755
PDF: 0.040 9.00 0.613
PDF: 0.050 9.00 0.469
PDF: 0.060 9.00 0.339
PDF: 0.070 9.00 0.231
PDF: 0.080 9.00 0.148
PDF: 0.090 9.00 0.090
PDF: 0.100 9.00 0.052
PDF: 0.110 9.00 0.028
PDF: 0.120 9.00 0.014
PDF: 0.130 9.00 0.007
PDF: 0.140 9.00 0.003
PDF: 0.150 9.00 0.001
PDF: 0.160 9.00 0.001
PDF: 0.170 9.00 0.000
PDF: 0.180 9.00 0.000
PDF: 0.190 9.00 0.000
PDF: 0.200 9.00 0.000
PDF: 0.210 9.00 0.000
PDF: 0.220 9.00 0.000
PDF: 0.230 9.00 0.000
PDF: 0.240 9.00 0.000
PDF: 0.250 9.00 0.000
PDF: 0.260 9.00 0.000
PDF: 0.270 9.00 0.000
PDF: 0.280 9.00 0.000
PDF: 0.290 9.00 0.000
PDF: 0.300 9.00 0.000
PDF: 0.310 9.00 0.000
PDF: 0.320 9.00 0.000
PDF: 0.330 9.00 0.000
PDF: 0.340 9.00 0.000
PDF: 0.350 9.00 0.000
PDF: 0.360 9.00 0.000
PDF: 0.370 9.00 0.000
PDF: 0.380 9.00 0.000
PDF: 0.390 9.00 0.000
PDF: 0.400 9.00 0.000
PDF: 0.410 9.00 0.000
PDF: 0.420 9.00 0.000
PDF: 0.430 9.00 0.000
PDF: 0.440 9.00 0.000
PDF: 0.450 9.00 0.000
PDF: 0.460 9.00 0.000
PDF: 0.470 9.00 0.000
PDF: 0.480 9.00 0.000
PDF: 0.490 9.00 0.000
PDF: -0.500 9.20 0.000
PDF: -0.490 9.20 0.000
PDF: -0.480 9.20 0.000
PDF: -0.470 9.20 0.000
PDF: -0.460 9.20 0.000
PDF: -0.450 9.20 0.000
PDF: -0.440 9.20 0.000
PDF: -0.430 9.20 0.000
PDF: -0.420 9.20 0.000
PDF: -0.410 9.20 0.000
PDF: -0.400 9.20 0.000
PDF: -0.390 9.20 0.000
PDF: -0.380 9.20 0.000
PDF: -0.370 9.20 0.000
PDF: -0.360 9.20 0.000
PDF: -0.350 9.20 0.000
PDF: -0.340 9.20 0.000
PDF: -0.330 9.20 0.000
PDF: -0.320 9.20 0.000
PDF: -0.310 9.20 0.000
PDF: -0.300 9.20 0.000
PDF: -0.290 9.20 0.000
PDF: -0.280 9.20 0.000
PDF: -0.270 9.20 0.000
PDF: -0.260 9.20 0.000
PDF: -0.250 9.20 0.000
PDF: -0.240 9.20 0.001
PDF: -0.230 9.20 0.001
PDF: -0.220 9.20 0.002
PDF: -0.210 9.20 0.004
PDF: -0.200 9.20 0.006
PDF: -0.190 9.20 0.010
PDF: -0.180 9.20 0.016
PDF: -0.170 9.20 0.024
PDF: -0.160 9.20 0.035
PDF: -0.150 9.20 0.051
PDF: -0.140 9.20 0.072
PDF: -0.130 9.20 0.101
PDF: -0.120 9.20 0.136
PDF: -0.110 9.20 0.181
PDF: -0.100 9.20 0.236
PDF: -0.090 9.20 0.300
PDF: -0.080 9.20 0.373
PDF: -0.070 9.20 0.454
PDF: -0.060 9.20 0.540
PDF: -0.050 9.20 0.630
PDF: -0.040 9.20 0.718
PDF: -0.030 9.20 0.802
PDF: -0.020 9.20 0.875
PDF: -0.010 9.20 0.935
PDF: 0.000 9.20 0.978
PDF: 0.010 9.20 1.000
PDF: 0.020 9.20 0.992
PDF: 0.030 9.20 0.898
PDF: 0.040 9.20 0.732
PDF: 0.050 9.20 0.538
PDF: 0.060 9.20 0.356
PDF: 0.070 9.20 0.213
PDF: 0.080 9.20 0.114
PDF: 0.090 9.20 0.055
PDF: 0.100 9.20 0.024
PDF: 0.110 9.20 0.010
PDF: 0.120 9.20 0.003
PDF: 0.130 9.20 0.001
PDF: 0.140 9.20 0.000
PDF: 0.150 9.20 0.000
PDF: 0.160 9.20 0.000
PDF: 0.170 9.20 0.000
PDF: 0.180 9.20 0.000
PDF: 0.190 9.20 0.000
PDF: 0.200 9.20 0.000
PDF: 0.210 9.20 0.000
PDF: 0.220 9.20 0.000
PDF: 0.230 9.20 0.000
PDF: 0.240 9.20 0.000
PDF: 0.250 9.20 0.000
PDF: 0.260 9.20 0.000
PDF: 0.270 9.20 0.000
PDF: 0.280 9.20 0.000
PDF: 0.290 9.20 0.000
PDF: 0.300 9.20 0.000
PDF: 0.310 9.20 0.000
PDF: 0.320 9.20 0.000
PDF: 0.330 9.20 0.000
PDF: 0.340 9.20 0.000
PDF: 0.350 9.20 0.000
PDF: 0.360 9.20 0.000
PDF: 0.370 9.20 0.000
PDF: 0.380 9.20 0.000
PDF: 0.390 9.20 0.000
PDF: 0.400 9.20 0.000
PDF: 0.410 9.20 0.000
PDF: 0.420 9.20 0.000
PDF: 0.430 9.20 0.000
PDF: 0.440 9.20 0.000
PDF: 0.450 9.20 0.000
PDF: 0.460 9.20 0.000
PDF: 0.470 9.20 0.000
PDF: 0.480 9.20 0.000
PDF: 0.490 9.20 0.000
PDF: -0.500 9.40 0.000
PDF: -0.490 9.40 0.000
PDF: -0.480 9.40 0.000
PDF: -0.470 9.40 0.000
PDF: -0.460 9.40 0.000
PDF: -0.450 9.40 0.000
PDF: -0.440 9.40 0.000
PDF: -0.430 9.40 0.000
PDF: -0.420 9.40 0.000
PDF: -0.410 9.40 0.000
PDF: -0.400 9.40 0.000
PDF: -0.390 9.40 0.000
PDF: -0.380 9.40 0.000
PDF: -0.370 9.40 0.000
PDF: -0.360 9.40 0.000
PDF: -0.350 9.40 0.000
PDF: -0.340 9.40 0.000
PDF: -0.330 9.40 0.000
PDF: -0.320 9.40 0.000
PDF: -0.310 9.40 0.000
PDF: -0.300 9.40 0.000
PDF: -0.290 9.40 0.000
PDF: -0.280 9.40 0.000
PDF: -0.270 9.40 0.000
PDF: -0.260 9.40 0.001
PDF: -0.250 9.40 0.001
PDF: -0.240 9.40 0.002
PDF: -0.230 9.40 0.003
PDF: -0.220 9.40 0.005
PDF: -0.210 9.40 0.007
PDF: -0.200 9.40 0.011
PDF: -0.190 9.40 0.017
PDF: -0.180 9.40 0.024
PDF: -0.170 9.40 0.035
PDF: -0.160 9.40 0.050
PDF: -0.150 9.40 0.070
PDF: -0.140 9.40 0.095
PDF: -0.130 9.40 0.127
PDF: -0.120 9.40 0.167
PDF: -0.110 9.40 0.215
PDF: -0.100 9.40 0.272
PDF: -0.090 9.40 0.336
PDF: -0.080 9.40 0.409
PDF: -0.070 9.40 0.488
PDF: -0.060 9.40 0.571
PDF: -0.050 9.40 0.655
PDF: -0.040 9.40 0.737
PDF: -0.030 9.40 0.814
PDF: -0.020 9.40 0.882
PDF: -0.010 9.40 0.937
PDF: 0.000 9.40 0.977
PDF: 0.010 9.40 0.999
PDF: 0.020 9.40 1.000
PDF: 0.030 9.40 0.959
PDF: 0.040 9.40 0.874
PDF: 0.050 9.40 0.758
PDF: 0.060 9.40 0.626
PDF: 0.070 9.40 0.491
PDF: 0.080 9.40 0.367
PDF: 0.090 9.40 0.260
PDF: 0.100 9.40 0.176
PDF: 0.110 9.40 0.113
PDF: 0.120 9.40 0.069
PDF: 0.130 9.40 0.040
PDF: 0.140 9.40 0.022
PDF: 0.150 9.40 0.012
PDF: 0.160 9.40 0.006
PDF: 0.170 9.40 0.003
PDF: 0.180 9.40 0.001
PDF: 0.190 9.40 0.001
PDF: 0.200 9.40 0.000
PDF: 0.210 9.40 0.000
PDF: 0.220 9.40 0.000
PDF: 0.230 9.40 0.000
PDF: 0.240 9.40 0.000
PDF: 0.250 9.40 0.000
PDF: 0.260 9.40 0.000
PDF: 0.270 9.40 0.000
PDF: 0.280 9.40 0.000
PDF: 0.290 9.40 0.000
PDF: 0.300 9.40 0.000
PDF: 0.310 9.40 0.000
PDF: 0.320 9.40 0.000
PDF: 0.330 9.40 0.000
PDF: 0.340 9.40 0.000
PDF: 0.350 9.40 0.000
PDF: 0.360 9.40 0.000
PDF: 0.370 9.40 0.000
PDF: 0.380 9.40 0.000
PDF: 0.390 9.40 0.000
PDF: 0.400 9.40 0.000
PDF: 0.410 9.40 0.000
PDF: 0.420 9.40 0.000
PDF: 0.430 9.40 0.000
PDF: 0.440 9.40 0.000
PDF: 0.450 9.40 0.000
PDF: 0.460 9.40 0.000
PDF: 0.470 9.40 0.000
PDF: 0.480 9.40 0.000
PDF: 0.490 9.40 0.000
PDF: -0.500 9.60 0.000
PDF: -0.490 9.60 0.000
PDF: -0.480 9.60 0.000
PDF: -0.470 9.60 0.000
PDF: -0.460 9.60 0.000
PDF: -0.450 9.60 0.000
PDF: -0.440 9.60 0.000
PDF: -0.430 9.60 0.000
PDF: -0.420 9.60 0.000
PDF: -0.410 9.60 0.000
PDF: -0.400 9.60 0.000
PDF: -0.390 9.60 0.000
PDF: -0.380 9.60 0.000
PDF: -0.370 9.60 0.000
PDF: -0.360 9.60 0.000
PDF: -0.350 9.60 0.000
PDF: -0.340 9.60 0.000
PDF: -0.330 9.60 0.000
PDF: -0.320 9.60 0.000
PDF: -0.310 9.60 0.000
PDF: -0.300 9.60 0.000
PDF: -0.290 9.60 0.000
PDF: -0.280 9.60 0.000
PDF: -0.270 9.60 0.000
PDF: -0.260 9.60 0.000
PDF: -0.250 9.60 0.000
PDF: -0.240 9.60 0.000
PDF: -0.230 9.60 0.000
PDF: -0.220 9.60 0.000
PDF: -0.210 9.60 0.001
PDF: -0.200 9.60 0.001
PDF: -0.190 9.60 0.002
PDF: -0.180 9.60 0.005
PDF: -0.170 9.60 0.009
PDF: -0.160 9.60 0.017
PDF: -0.150 9.60 0.030
PDF: -0.140 9.60 0.051
PDF: -0.130 9.60 0.083
PDF: -0.120 9.60 0.129
PDF: -0.110 9.60 0.192
PDF: -0.100 9.60 0.274
PDF: -0.090 9.60 0.375
PDF: -0.080 9.60 0.490
PDF: -0.070 9.60 0.615
PDF: -0.060 9.60 0.738
PDF: -0.050 9.60 0.849
PDF: -0.040 9.60 0.936
PDF: -0.030 9.60 0.988
PDF: -0.020 9.60 1.000
PDF: -0.010 9.60 0.991
PDF: 0.000 9.60 0.970
PDF: 0.010 9.60 0.937
PDF: 0.020 9.60 0.894
PDF: 0.030 9.60 0.843
PDF: 0.040 9.60 0.785
PDF: 0.050 9.60 0.721
PDF: 0.060 9.60 0.655
PDF: 0.070 9.60 0.587
PDF: 0.080 9.60 0.520
PDF: 0.090 9.60 0.455
PDF: 0.100 9.60 0.393
PDF: 0.110 9.60 0.335
PDF: 0.120 9.60 0.283
PDF: 0.130 9.60 0.235
PDF: 0.140 9.60 0.193
PDF: 0.150 9.60 0.157
PDF: 0.160 9.60 0.126
PDF: 0.170 9.60 0.100
PDF: 0.180 9.60 0.078
PDF: 0.190 9.60 0.060
PDF: 0.200 9.60 0.046
PDF: 0.210 9.60 0.035
PDF: 0.220 9.60 0.026
PDF: 0.230 9.60 0.019
PDF: 0.240 9.60 0.014
PDF: 0.250 9.60 0.010
PDF: 0.260 9.60 0.007
PDF: 0.270 9.60 0.005
PDF: 0.280 9.60 0.003
PDF: 0.290 9.60 0.002
PDF: 0.300 9.60 0.002
PDF: 0.310 9.60 0.001
PDF: 0.320 9.60 0.001
PDF: 0.330 9.60 0.000
PDF: 0.340 9.60 0.000
PDF: 0.350 9.60 0.000
PDF: 0.360 9.60 0.000
PDF: 0.370 9.60 0.000
PDF: 0.380 9.60 0.000
PDF: 0.390 9.60 0.000
PDF: 0.400 9.60 0.000
PDF: 0.410 9.60 0.000
PDF: 0.420 9.60 0.000
PDF: 0.430 9.60 0.000
PDF: 0.440 9.60 0.000
PDF: 0.450 9.60 0.000
PDF: 0.460 9.60 0.000
PDF: 0.470 9.60 0.000
PDF: 0.480 9.60 0.000
PDF: 0.490 9.60 0.000
PDF: -0.500 9.80 0.000
PDF: -0.490 9.80 0.000
PDF: -0.480 9.80 0.000
PDF: -0.470 9.80 0.000
PDF: -0.460 9.80 0.000
PDF: -0.450 9.80 0.000
PDF: -0.440 9.80 0.000
PDF: -0.430 9.80 0.000
PDF: -0.420 9.80 0.000
PDF: -0.410 9.80 0.000
PDF: -0.400 9.80 0.000
PDF: -0.390 9.80 0.000
PDF: -0.380 9.80 0.000
PDF: -0.370 9.80 0.000
PDF: -0.360 9.80 0.000
PDF: -0.350 9.80 0.000
PDF: -0.340 9.80 0.000
PDF: -0.330 9.80 0.000
PDF: -0.320 9.80 0.000
PDF: -0.310 9.80 0.000
PDF: -0.300 9.80 0.000
PDF: -0.290 9.80 0.000
PDF: -0.280 9.80 0.000
PDF: -0.270 9.80 0.000
PDF: -0.260 9.80 0.000
PDF: -0.250 9.80 0.000
PDF: -0.240 9.80 0.000
PDF: -0.230 9.80 0.000
PDF: -0.220 9.80 0.001
PDF: -0.210 9.80 0.001
PDF: -0.200 9.80 0.003
PDF: -0.190 9.80 0.006
PDF: -0.180 9.80 0.010
PDF: -0.170 9.80 0.019
PDF: -0.160 9.80 0.032
PDF: -0.150 9.80 0.053
PDF: -0.140 9.80 0.084
PDF: -0.130 9.80 0.128
PDF: -0.120 9.80 0.188
PDF: -0.110 9.80 0.265
PDF: -0.100 9.80 0.359
PDF: -0.090 9.80 0.468
PDF: -0.080 9.80 0.587
PDF: -0.070 9.80 0.707
PDF: -0.060 9.80 0.818
PDF: -0.050 9.80 0.910
PDF: -0.040 9.80 0.973
PDF: -0.030 9.80 1.000
PDF: -0.020 9.80 0.998
PDF: -0.010 9.80 0.986
PDF: 0.000 9.80 0.967
PDF: 0.010 9.80 0.939
PDF: 0.020 9.80 0.904
PDF: 0.030 9.80 0.863
PDF: 0.040 9.80 0.816
PDF: 0.050 9.80 0.765
PDF: 0.060 9.80 0.711
PDF: 0.070 9.80 0.655
PDF: 0.080 9.80 0.598
PDF: 0.090 9.80 0.541
PDF: 0.100 9.80 0.486
PDF: 0.110 9.80 0.432
PDF: 0.120 9.80 0.381
PDF: 0.130 9.80 0.333
PDF: 0.140 9.80 0.288
PDF: 0.150 9.80 0.247
PDF: 0.160 9.80 0.211
PDF: 0.170 9.80 0.178
PDF: 0.180 9.80 0.148
PDF: 0.190 9.80 0.123
PDF: 0.200 9.80 0.101
PDF: 0.210 9.80 0.082
PDF: 0.220 9.80 0.066
PDF: 0.230 9.80 0.053
PDF: 0.240 9.80 0.042
PDF: 0.250 9.80 0.033
PDF: 0.260 9.80 0.026
PDF: 0.270 9.80 0.020
PDF: 0.280 9.80 0.015
PDF: 0.290 9.80 0.012
PDF: 0.300 9.80 0.009
PDF: 0.310 9.80 0.006
PDF: 0.320 9.80 0.005
PDF: 0.330 9.80 0.004
PDF: 0.340 9.80 0.003
PDF: 0.350 9.80 0.002
PDF: 0.360 9.80 0.001
PDF: 0.370 9.80 0.001
PDF: 0.380 9.80 0.001
PDF: 0.390 9.80 0.000
PDF: 0.400 9.80 0.000
PDF: 0.410 9.80 0.000
PDF: 0.420 9.80 0.000
PDF: 0.430 9.80 0.000
PDF: 0.440 9.80 0.000
PDF: 0.450 9.80 0.000
PDF: 0.460 9.80 0.000
PDF: 0.470 9.80 0.000
PDF: 0.480 9.80 0.000
PDF: 0.490 9.80 0.000
PDF: -0.500 10.00 0.000
PDF: -0.490 10.00 0.000
PDF: -0.480 10.00 0.000
PDF: -0.470 10.00 0.000
PDF: -0.460 10.00 0.000
PDF: -0.450 10.00 0.000
PDF: -0.440 10.00 0.000
PDF: -0.430 10.00 0.000
PDF: -0.420 10.00 0.000
PDF: -0.410 10.00 0.000
PDF: -0.400 10.00 0.000
PDF: -0.390 10.00 0.000
PDF: -0.380 10.00 0.000
PDF: -0.370 10.00 0.000
PDF: -0.360 10.00 0.000
PDF: -0.350 10.00 0.000
PDF: -0.340 10.00 0.000
PDF: -0.330 10.00 0.000
PDF: -0.320 10.00 0.000
PDF: -0.310 10.00 0.000
PDF: -0.300 10.00 0.000
PDF: -0.290 10.00 0.000
PDF: -0.280 10.00 0.000
PDF: -0.270 10.00 0.000
PDF: -0.260 10.00 0.000
PDF: -0.250 10.00 0.000
PDF: -0.240 10.00 0.000
PDF: -0.230 10.00 0.000
PDF: -0.220 10.00 0.000
PDF: -0.210 10.00 0.001
PDF: -0.200 10.00 0.002
PDF: -0.190 10.00 0.003
PDF: -0.180 10.00 0.007
PDF: -0.170 10.00 0.012
PDF: -0.160 10.00 0.023
PDF: -0.150 10.00 0.040
PDF: -0.140 10.00 0.066
PDF: -0.130 10.00 0.106
PDF: -0.120 10.00 0.161
PDF: -0.110 10.00 0.236
PDF: -0.100 10.00 0.330
PDF: -0.090 10.00 0.441
PDF: -0.080 10.00 0.565
PDF: -0.070 10.00 0.692
PDF: -0.060 10.00 0.811
PDF: -0.050 10.00 0.909
PDF: -0.040 10.00 0.975
PDF: -0.030 10.00 1.000
PDF: -0.020 10.00 0.997
PDF: -0.010 10.00 0.987
PDF: 0.000 10.00 0.969
PDF: 0.010 10.00 0.945
PDF: 0.020 10.00 0.915
PDF: 0.030 10.00 0.880
PDF: 0.040 10.00 0.839
PDF: 0.050 10.00 0.795
PDF: 0.060 10.00 0.747
PDF: 0.070 10.00 0.698
PDF: 0.080 10.00 0.646
PDF: 0.090 10.00 0.594
PDF: 0.100 10.00 0.543
PDF: 0.110 10.00 0.492
PDF: 0.120 10.00 0.443
PDF: 0.130 10.00 0.395
PDF: 0.140 10.00 0.351
PDF: 0.150 10.00 0.309
PDF: 0.160 10.00 0.270
PDF: 0.170 10.00 0.234
PDF: 0.180 10.00 0.202
PDF: 0.190 10.00 0.172
PDF: 0.200 10.00 0.146
PDF: 0.210 10.00 0.123
PDF: 0.220 10.00 0.103
PDF: 0.230 10.00 0.086
PDF: 0.240 10.00 0.070
PDF: 0.250 10.00 0.058
PDF: 0.260 10.00 0.047
PDF: 0.270 10.00 0.038
PDF: 0.280 10.00 0.030
PDF: 0.290 10.00 0.024
PDF: 0.300 10.00 0.019
PDF: 0.310 10.00 0.015
PDF: 0.320 10.00 0.012
PDF: 0.330 10.00 0.009
PDF: 0.340 10.00 0.007
PDF: 0.350 10.00 0.005
PDF: 0.360 10.00 0.004
PDF: 0.370 10.00 0.003
PDF: 0.380 10.00 0.002
PDF: 0.390 10.00 0.002
PDF: 0.400 10.00 0.001
PDF: 0.410 10.00 0.001
PDF: 0.420 10.00 0.001
PDF: 0.430 10.00 0.000
PDF: 0.440 10.00 0.000
PDF: 0.450 10.00 0.000
PDF: 0.460 10.00 0.000
PDF: 0.470 10.00 0.000
PDF: 0.480 10.00 0.000
PDF: 0.490 10.00 0.000
PDF: -0.500 10.20 0.000
PDF: -0.490 10.20 0.000
PDF: -0.480 10.20 0.000
PDF: -0.470 10.20 0.000
PDF: -0.460 10.20 0.000
PDF: -0.450 10.20 0.000
PDF: -0.440 10.20 0.000
PDF: -0.430 10.20 0.000
PDF: -0.420 10.20 0.000
PDF: -0.410 10.20 0.000
PDF: -0.400 10.20 0.000
PDF: -0.390 10.20 0.000
PDF: -0.380 10.20 0.000
PDF: -0.370 10.20 0.000
PDF: -0.360 10.20 0.000
PDF: -0.350 10.20 0.000
PDF: -0.340 10.20 0.000
PDF: -0.330 10.20 0.000
PDF: -0.320 10.20 0.000
PDF: -0.310 10.20 0.000
PDF: -0.300 10.20 0.000
PDF: -0.290 10.20 0.000
PDF: -0.280 10.20 0.000
PDF: -0.270 10.20 0.000
PDF: -0.260 10.20 0.000
PDF: -0.250 10.20 0.000
PDF: -0.240 10.20 0.000
PDF: -0.230 10.20 0.000
PDF: -0.220 10.20 0.000
PDF: -0.210 10.20 0.001
PDF: -0.200 10.20 0.002
PDF: -0.190 10.20 0.004
PDF: -0.180 10.20 0.008
PDF: -0.170 10.20 0.015
PDF: -0.160 10.20 0.026
PDF: -0.150 10.20 0.045
PDF: -0.140 10.20 0.073
PDF: -0.130 10.20 0.115
PDF: -0.120 10.20 0.173
PDF: -0.110 10.20 0.249
PDF: -0.100 10.20 0.344
PDF: -0.090 10.20 0.455
PDF: -0.080 10.20 0.576
PDF: -0.070 10.20 0.700
PDF: -0.060 10.20 0.816
PDF: -0.050 10.20 0.911
PDF: -0.040 10.20 0.975
PDF: -0.030 10.20 1.000
PDF: -0.020 10.20 0.998
PDF: -0.010 10.20 0.989
PDF: 0.000 10.20 0.974
PDF: 0.010 10.20 0.953
PDF: 0.020 10.20 0.927
PDF: 0.030 10.20 0.896
PDF: 0.040 10.20 0.861
PDF: 0.050 10.20 0.822
PDF: 0.060 10.20 0.779
PDF: 0.070 10.20 0.734
PDF: 0.080 10.20 0.688
PDF: 0.090 10.20 0.640
PDF: 0.100 10.20 0.592
PDF: 0.110 10.20 0.544
PDF: 0.120 10.20 0.497
PDF: 0.130 10.20 0.451
PDF: 0.140 10.20 0.406
PDF: 0.150 10.20 0.364
PDF: 0.160 10.20 0.324
PDF: 0.170 10.20 0.287
PDF: 0.180 10.20 0.252
PDF: 0.190 10.20 0.220
PDF: 0.200 10.20 0.191
PDF: 0.210 10.20 0.165
PDF: 0.220 10.20 0.141
PDF: 0.230 10.20 0.121
PDF: 0.240 10.20 0.102
PDF: 0.250 10.20 0.086
PDF: 0.260 10.20 0.072
PDF: 0.270 10.20 0.060
PDF: 0.280 10.20 0.049
PDF: 0.290 10.20 0.040
PDF: 0.300 10.20 0.033
PDF: 0.310 10.20 0.027
PDF: 0.320 10.20 0.021
PDF: 0.330 10.20 0.017
PDF: 0.340 10.20 0.014
PDF: 0.350 10.20 0.011
PDF: 0.360 10.20 0.008
PDF: 0.370 10.20 0.007
PDF: 0.380 10.20 0.005
PDF: 0.390 10.20 0.004
PDF: 0.400 10.20 0.003
PDF: 0.410 10.20 0.002
PDF: 0.420 10.20 0.002
PDF: 0.430 10.20 0.001
PDF: 0.440 10.20 0.001
PDF: 0.450 10.20 0.001
PDF: 0.460 10.20 0.001
PDF: 0.470 10.20 0.000
PDF: 0.480 10.20 0.000
PDF: 0.490 10.20 0.000
PDF: -0.500 10.40 0.000
PDF: -0.490 10.40 0.000
PDF: -0.480 10.40 0.000
PDF: -0.470 10.40 0.000
PDF: -0.460 10.40 0.000
PDF: -0.450 10.40 0.000
PDF: -0.440 10.40 0.000
PDF: -0.430 10.40 0.000
PDF: -0.420 10.40 0.000
PDF: -0.410 10.40 0.000
PDF: -0.400 10.40 0.000
PDF: -0.390 10.40 0.000
PDF: -0.380 10.40 0.000
PDF: -0.370 10.40 0.000
PDF: -0.360 10.40 0.000
PDF: -0.350 10.40 0.000
PDF: -0.340 10.40 0.000
PDF: -0.330 10.40 0.000
PDF: -0.320 10.40 0.000
PDF: -0.310 10.40 0.000
PDF: -0.300 10.40 0.000
PDF: -0.290 10.40 0.000
PDF: -0.280 10.40 0.000
PDF: -0.270 10.40 0.000
PDF: -0.260 10.40 0.000
PDF: -0.250 10.40 0.000
PDF: -0.240 10.40 0.001
PDF: -0.230 10.40 0.001
PDF: -0.220 10.40 0.003
PDF: -0.210 10.40 0.005
PDF: -0.200 10.40 0.008
PDF: -0.190 10.40 0.014
PDF: -0.180 10.40 0.022
PDF: -0.170 10.40 0.035
PDF: -0.160 10.40 0.054
PDF: -0.150 10.40 0.081
PDF: -0.140 10.40 0.117
PDF: -0.130 10.40 0.165
PDF: -0.120 10.40 0.225
PDF: -0.110 10.40 0.298
PDF: -0.100 10.40 0.384
PDF: -0.090 10.40 0.480
PDF: -0.080 10.40 0.582
PDF: -0.070 10.40 0.686
PDF: -0.060 10.40 0.784
PDF: -0.050 10.40 0.871
PDF: -0.040 10.40 0.939
PDF: -0.030 10.40 0.983
PDF: -0.020 10.40 1.000
PDF: -0.010 10.40 0.998
PDF: 0.000 10.40 0.989
PDF: 0.010 10.40 0.975
PDF: 0.020 10.40 0.956
PDF: 0.030 10.40 0.932
PDF: 0.040 10.40 0.903
PDF: 0.050 10.40 0.869
PDF: 0.060 10.40 0.832
PDF: 0.070 10.40 0.793
PDF: 0.080 10.40 0.750
PDF: 0.090 10.40 0.706
PDF: 0.100 10.40 0.660
PDF: 0.110 10.40 0.614
PDF: 0.120 10.40 0.568
PDF: 0.130 10.40 0.522
PDF: 0.140 10.40 0.477
PDF: 0.150 10.40 0.434
PDF: 0.160 10.40 0.392
PDF: 0.170 10.40 0.352
PDF: 0.180 10.40 0.314
PDF: 0.190 10.40 0.279
PDF: 0.200 10.40 0.246
PDF: 0.210 10.40 0.216
PDF: 0.220 10.40 0.188
PDF: 0.230 10.40 0.163
PDF: 0.240 10.40 0.141
PDF: 0.250 10.40 0.121
PDF: 0.260 10.40 0.103
PDF: 0.270 10.40 0.087
PDF: 0.280 10.40 0.073
PDF: 0.290 10.40 0.061
PDF: 0.300 10.40 0.051
PDF: 0.310 10.40 0.042
PDF: 0.320 10.40 0.035
PDF: 0.330 10.40 0.029
PDF: 0.340 10.40 0.023
PDF: 0.350 10.40 0.019
PDF: 0.360 10.40 0.015
PDF: 0.370 10.40 0.012
PDF: 0.380 10.40 0.010
PDF: 0.390 10.40 0.008
PDF: 0.400 10.40 0.006
PDF: 0.410 10.40 0.005
PDF: 0.420 10.40 0.004
PDF: 0.430 10.40 0.003
PDF: 0.440 10.40 0.002
PDF: 0.450 10.40 0.002
PDF: 0.460 10.40 0.001
PDF: 0.470 10.40 0.001
PDF: 0.480 10.40 0.001
PDF: 0.490 10.40 0.001
PDF: -0.500 10.60 0.000
PDF: -0.490 10.60 0.000
PDF: -0.480 10.60 0.000
PDF: -0.470 10.60 0.000
PDF: -0.460 10.60 0.000
PDF: -0.450 10.60 0.000
PDF: -0.440 10.60 0.000
PDF: -0.430 10.60 0.000
PDF: -0.420 10.60 0.000
PDF: -0.410 10.60 0.000
PDF: -0.400 10.60 0.000
PDF: -0.390 10.60 0.000
PDF: -0.380 10.60 0.000
PDF: -0.370 10.60 0.000
PDF: -0.360 10.60 0.000
PDF: -0.350 10.60 0.000
PDF: -0.340 10.60 0.000
PDF: -0.330 10.60 0.000
PDF: -0.320 10.60 0.000
PDF: -0.310 10.60 0.000
PDF: -0.300 10.60 0.000
PDF: -0.290 10.60 0.000
PDF: -0.280 10.60 0.000
PDF: -0.270 10.60 0.000
PDF: -0.260 10.60 0.000
PDF: -0.250 10.60 0.000
PDF: -0.240 10.60 0.000
PDF: -0.230 10.60 0.001
PDF: -0.220 10.60 0.001
PDF: -0.210 10.60 0.002
PDF: -0.200 10.60 0.004
PDF: -0.190 10.60 0.007
PDF: -0.180 10.60 0.013
PDF: -0.170 10.60 0.022
PDF: -0.160 10.60 0.037
PDF: -0.150 10.60 0.059
PDF: -0.140 10.60 0.091
PDF: -0.130 10.60 0.135
PDF: -0.120 10.60 0.194
PDF: -0.110 10.60 0.268
PDF: -0.100 10.60 0.358
PDF: -0.090 10.60 0.461
PDF: -0.080 10.60 0.573
PDF: -0.070 10.60 0.688
PDF: -0.060 10.60 0.796
PDF: -0.050 10.60 0.888
PDF: -0.040 10.60 0.957
PDF: -0.030 10.60 0.995
PDF: -0.020 10.60 1.000
PDF: -0.010 10.60 0.995
PDF: 0.000 10.60 0.985
PDF: 0.010 10.60 0.970
PDF: 0.020 10.60 0.950
PDF: 0.030 10.60 0.925
PDF: 0.040 10.60 0.897
PDF: 0.050 10.60 0.864
PDF: 0.060 10.60 0.828
PDF: 0.070 10.60 0.790
PDF: 0.080 10.60 0.749
PDF: 0.090 10.60 0.707
PDF: 0.100 10.60 0.664
PDF: 0.110 10.60 0.620
PDF: 0.120 10.60 0.575
PDF: 0.130 10.60 0.532
PDF: 0.140 10.60 0.488
PDF: 0.150 10.60 0.446
PDF: 0.160 10.60 0.406
PDF: 0.170 10.60 0.367
PDF: 0.180 10.60 0.330
PDF: 0.190 10.60 0.295
PDF: 0.200 10.60 0.263
PDF: 0.210 10.60 0.233
PDF: 0.220 10.60 0.205
PDF: 0.230 10.60 0.180
PDF: 0.240 10.60 0.156
PDF: 0.250 10.60 0.136
PDF: 0.260 10.60 0.117
PDF: 0.270 10.60 0.100
PDF: 0.280 10.60 0.085
PDF: 0.290 10.60 0.073
PDF: 0.300 10.60 0.061
PDF: 0.310 10.60 0.051
PDF: 0.320 10.60 0.043
PDF: 0.330 10.60 0.036
PDF: 0.340 10.60 0.029
PDF: 0.350 10.60 0.024
PDF: 0.360 10.60 0.020
PDF: 0.370 10.60 0.016
PDF: 0.380 10.60 0.013
PDF: 0.390 10.60 0.010
PDF: 0.400 10.60 0.008
PDF: 0.410 10.60 0.007
PDF: 0.420 10.60 0.005
PDF: 0.430 10.60 0.004
PDF: 0.440 10.60 0.003
PDF: 0.450 10.60 0.003
PDF: 0.460 10.60 0.002
PDF: 0.470 10.60 0.002
PDF: 0.480 10.60 0.001
PDF: 0.490 10.60 0.001
PDF: -0.500 10.80 0.000
PDF: -0.490 10.80 0.000
PDF: -0.480 10.80 0.000
PDF: -0.470 10.80 0.000
PDF: -0.460 10.80 0.000
PDF: -0.450 10.80 0.000
PDF: -0.440 10.80 0.000
PDF: -0.430 10.80 0.000
PDF: -0.420 10.80 0.000
PDF: -0.410 10.80 0.000
PDF: -0.400 10.80 0.000
PDF: -0.390 10.80 0.000
PDF: -0.380 10.80 0.000
PDF: -0.370 10.80 0.000
PDF: -0.360 10.80 0.000
PDF: -0.350 10.80 0.000
PDF: -0.340 10.80 0.000
PDF: -0.330 10.80 0.000
PDF: -0.320 10.80 0.000
PDF: -0.310 10.80 0.000
PDF: -0.300 10.80 0.000
PDF: -0.290 10.80 0.000
PDF: -0.280 10.80 0.000
PDF: -0.270 10.80 0.000
PDF: -0.260 10.80 0.000
PDF: -0.250 10.80 0.000
PDF: -0.240 10.80 0.000
PDF: -0.230 10.80 0.001
PDF: -0.220 10.80 0.002
PDF: -0.210 10.80 0.004
PDF: -0.200 10.80 0.006
PDF: -0.190 10.80 0.011
PDF: -0.180 10.80 0.020
PDF: -0.170 10.80 0.032
PDF: -0.160 10.80 0.051
PDF: -0.150 10.80 0.079
PDF: -0.140 10.80 0.118
PDF: -0.130 10.80 0.169
PDF: -0.120 10.80 0.235
PDF: -0.110 10.80 0.317
PDF: -0.100 10.80 0.412
PDF: -0.090 10.80 0.517
PDF: -0.080 10.80 0.628
PDF: -0.070 10.80 0.738
PDF: -0.060 10.80 0.838
PDF: -0.050 10.80 0.919
PDF: -0.040 10.80 0.975
PDF: -0.030 10.80 1.000
PDF: -0.020 10.80 1.000
PDF: -0.010 10.80 0.994
PDF: 0.000 10.80 0.983
PDF: 0.010 10.80 0.968
PDF: 0.020 10.80 0.949
PDF: 0.030 10.80 0.926
PDF: 0.040 10.80 0.899
PDF: 0.050 10.80 0.869
PDF: 0.060 10.80 0.836
PDF: 0.070 10.80 0.801
PDF: 0.080 10.80 0.763
PDF: 0.090 10.80 0.724
PDF: 0.100 10.80 0.683
PDF: 0.110 10.80 0.642
PDF: 0.120 10.80 0.601
PDF: 0.130 10.80 0.559
PDF: 0.140 10.80 0.518
PDF: 0.150 10.80 0.478
PDF: 0.160 10.80 0.439
PDF: 0.170 10.80 0.401
PDF: 0.180 10.80 0.364
PDF: 0.190 10.80 0.330
PDF: 0.200 10.80 0.297
PDF: 0.210 10.80 0.266
PDF: 0.220 10.80 0.238
PDF: 0.230 10.80 0.211
PDF: 0.240 10.80 0.187
PDF: 0.250 10.80 0.164
PDF: 0.260 10.80 0.144
PDF: 0.270 10.80 0.125
PDF: 0.280 10.80 0.109
PDF: 0.290 10.80 0.094
PDF: 0.300 10.80 0.081
PDF: 0.310 10.80 0.069
PDF: 0.320 10.80 0.059
PDF: 0.330 10.80 0.050
PDF: 0.340 10.80 0.042
PDF: 0.350 10.80 0.035
PDF: 0.360 10.80 0.030
PDF: 0.370 10.80 0.025
PDF: 0.380 10.80 0.020
PDF: 0.390 10.80 0.017
PDF: 0.400 10.80 0.014
PDF: 0.410 10.80 0.011
PDF: 0.420 10.80 0.009
PDF: 0.430 10.80 0.007
PDF: 0.440 10.80 0.006
PDF: 0.450 10.80 0.005
PDF: 0.460 10.80 0.004
PDF: 0.470 10.80 0.003
PDF: 0.480 10.80 0.002
PDF: 0.490 10.80 0.002
PDF: -0.500 11.00 0.000
PDF: -0.490 11.00 0.000
PDF: -0.480 11.00 0.000
PDF: -0.470 11.00 0.000
PDF: -0.460 11.00 0.000
PDF: -0.450 11.00 0.000
PDF: -0.440 11.00 0.000
PDF: -0.430 11.00 0.000
PDF: -0.420 11.00 0.000
PDF: -0.410 11.00 0.000
PDF: -0.400 11.00 0.000
PDF: -0.390 11.00 0.000
PDF: -0.380 11.00 0.000
PDF: -0.370 11.00 0.000
PDF: -0.360 11.00 0.000
PDF: -0.350 11.00 0.000
PDF: -0.340 11.00 0.000
PDF: -0.330 11.00 0.000
PDF: -0.320 11.00 0.000
PDF: -0.310 11.00 0.000
PDF: -0.300 11.00 0.000
PDF: -0.290 11.00 0.000
PDF: -0.280 11.00 0.000
PDF: -0.270 11.00 0.000
PDF: -0.260 11.00 0.000
PDF: -0.250 11.00 0.001
PDF: -0.240 11.00 0.002
PDF: -0.230 11.00 0.003
PDF: -0.220 11.00 0.005
PDF: -0.210 11.00 0.008
PDF: -0.200 11.00 0.013
PDF: -0.190 11.00 0.021
PDF: -0.180 11.00 0.032
PDF: -0.170 11.00 0.048
PDF: -0.160 11.00 0.071
PDF: -0.150 11.00 0.102
PDF: -0.140 11.00 0.141
PDF: -0.130 11.00 0.192
PDF: -0.120 11.00 0.254
PDF: -0.110 11.00 0.327
PDF: -0.100 11.00 0.411
PDF: -0.090 11.00 0.503
PDF: -0.080 11.00 0.599
PDF: -0.070 11.00 0.696
PDF: -0.060 11.00 0.788
PDF: -0.050 11.00 0.870
PDF: -0.040 11.00 0.935
PDF: -0.030 11.00 0.980
PDF: -0.020 11.00 1.000
PDF: -0.010 11.00 1.000
PDF: 0.000 11.00 0.993
PDF: 0.010 11.00 0.981
PDF: 0.020 11.00 0.963
PDF: 0.030 11.00 0.940
PDF: 0.040 11.00 0.913
PDF: 0.050 11.00 0.882
PDF: 0.060 11.00 0.846
PDF: 0.070 11.00 0.808
PDF: 0.080 11.00 0.767
PDF: 0.090 11.00 0.724
PDF: 0.100 11.00 0.679
PDF: 0.110 11.00 0.634
PDF: 0.120 11.00 0.588
PDF: 0.130 11.00 0.543
PDF: 0.140 11.00 0.498
PDF: 0.150 11.00 0.454
PDF: 0.160 11.00 0.412
PDF: 0.170 11.00 0.372
PDF: 0.180 11.00 0.333
PDF: 0.190 11.00 0.297
PDF: 0.200 11.00 0.264
PDF: 0.210 11.00 0.232
PDF: 0.220 11.00 0.204
PDF: 0.230 11.00 0.178
PDF: 0.240 11.00 0.154
PDF: 0.250 11.00 0.133
PDF: 0.260 11.00 0.114
PDF: 0.270 11.00 0.097
PDF: 0.280 11.00 0.082
PDF: 0.290 11.00 0.069
PDF: 0.300 11.00 0.058
PDF: 0.310 11.00 0.048
PDF: 0.320 11.00 0.040
PDF: 0.330 11.00 0.033
PDF: 0.340 11.00 0.027
PDF: 0.350 11.00 0.022
PDF: 0.360 11.00 0.018
PDF: 0.370 11.00 0.014
PDF: 0.380 11.00 0.012
PDF: 0.390 11.00 0.009
PDF: 0.400 11.00 0.007
PDF: 0.410 11.00 0.006
PDF: 0.420 11.00 0.004
PDF: 0.430 11.00 0.003
PDF: 0.440 11.00 0.003
PDF: 0.450 11.00 0.002
PDF: 0.460 11.00 0.002
PDF: 0.470 11.00 0.001
PDF: 0.480 11.00 0.001
PDF: 0.490 11.00 0.001
PDF: -0.500 11.20 0.000
PDF: -0.490 11.20 0.000
PDF: -0.480 11.20 0.000
PDF: -0.470 11.20 0.000
PDF: -0.460 11.20 0.000
PDF: -0.450 11.20 0.000
PDF: -0.440 11.20 0.000
PDF: -0.430 11.20 0.000
PDF: -0.420 11.20 0.000
PDF: -0.410 11.20 0.000
PDF: -0.400 11.20 0.000
PDF: -0.390 11.20 0.000
PDF: -0.380 11.20 0.000
PDF: -0.370 11.20 0.000
PDF: -0.360 11.20 0.000
PDF: -0.350 11.20 0.000
PDF: -0.340 11.20 0.000
PDF: -0.330 11.20 0.000
PDF: -0.320 11.20 0.000
PDF: -0.310 11.20 0.000
PDF: -0.300 11.20 0.000
PDF: -0.290 11.20 0.000
PDF: -0.280 11.20 0.000
PDF: -0.270 11.20 0.001
PDF: -0.260 11.20 0.001
PDF: -0.250 11.20 0.002
PDF: -0.240 11.20 0.003
PDF: -0.230 11.20 0.006
PDF: -0.220 11.20 0.009
PDF: -0.210 11.20 0.014
PDF: -0.200 11.20 0.022
PDF: -0.190 11.20 0.033
PDF: -0.180 11.20 0.049
PDF: -0.170 11.20 0.071
PDF: -0.160 11.20 0.100
PDF: -0.150 11.20 0.137
PDF: -0.140 11.20 0.184
PDF: -0.130 11.20 0.241
PDF: -0.120 11.20 0.308
PDF: -0.110 11.20 0.385
PDF: -0.100 11.20 0.471
PDF: -0.090 11.20 0.561
PDF: -0.080 11.20 0.654
PDF: -0.070 11.20 0.744
PDF: -0.060 11.20 0.828
PDF: -0.050 11.20 0.899
PDF: -0.040 11.20 0.954
PDF: -0.030 11.20 0.988
PDF: -0.020 11.20 1.000
PDF: -0.010 11.20 0.997
PDF: 0.000 11.20 0.989
PDF: 0.010 11.20 0.975
PDF: 0.020 11.20 0.955
PDF: 0.030 11.20 0.931
PDF: 0.040 11.20 0.902
PDF: 0.050 11.20 0.869
PDF: 0.060 11.20 0.832
PDF: 0.070 11.20 0.792
PDF: 0.080 11.20 0.750
PDF: 0.090 11.20 0.706
PDF: 0.100 11.20 0.660
PDF: 0.110 11.20 0.614
PDF: 0.120 11.20 0.568
PDF: 0.130 11.20 0.523
PDF: 0.140 11.20 0.478
PDF: 0.150 11.20 0.435
PDF: 0.160 11.20 0.393
PDF: 0.170 11.20 0.353
PDF: 0.180 11.20 0.316
PDF: 0.190 11.20 0.280
PDF: 0.200 11.20 0.248
PDF: 0.210 11.20 0.217
PDF: 0.220 11.20 0.190
PDF: 0.230 11.20 0.165
PDF: 0.240 11.20 0.142
PDF: 0.250 11.20 0.122
PDF: 0.260 11.20 0.104
PDF: 0.270 11.20 0.088
PDF: 0.280 11.20 0.075
PDF: 0.290 11.20 0.062
PDF: 0.300 11.20 0.052
PDF: 0.310 11.20 0.043
PDF: 0.320 11.20 0.036
PDF: 0.330 11.20 0.029
PDF: 0.340 11.20 0.024
PDF: 0.350 11.20 0.019
PDF: 0.360 11.20 0.015
PDF: 0.370 11.20 0.012
PDF: 0.380 11.20 0.010
PDF: 0.390 11.20 0.008
PDF: 0.400 11.20 0.006
PDF: 0.410 11.20 0.005
PDF: 0.420 11.20 0.004
PDF: 0.430 11.20 0.003
PDF: 0.440 11.20 0.002
PDF: 0.450 11.20 0.002
PDF: 0.460 11.20 0.001
PDF: 0.470 11.20 0.001
PDF: 0.480 11.20 0.001
PDF: 0.490 11.20 0.001
PDF: -0.500 11.40 0.000
PDF: -0.490 11.40 0.000
PDF: -0.480 11.40 0.000
PDF: -0.470 11.40 0.000
PDF: -0.460 11.40 0.000
PDF: -0.450 11.40 0.000
PDF: -0.440 11.40 0.000
PDF: -0.430 11.40 0.000
PDF: -0.420 11.40 0.000
PDF: -0.410 11.40 0.000
PDF: -0.400 11.40 0.000
PDF: -0.390 11.40 0.000
PDF: -0.380 11.40 0.000
PDF: -0.370 11.40 0.000
PDF: -0.360 11.40 0.000
PDF: -0.350 11.40 0.000
PDF: -0.340 11.40 0.000
PDF: -0.330 11.40 0.000
PDF: -0.320 11.40 0.000
PDF: -0.310 11.40 0.000
PDF: -0.300 11.40 0.000
PDF: -0.290 11.40 0.000
PDF: -0.280 11.40 0.001
PDF: -0.270 11.40 0.001
PDF: -0.260 11.40 0.002
PDF: -0.250 11.40 0.004
PDF: -0.240 11.40 0.006
PDF: -0.230 11.40 0.010
PDF: -0.220 11.40 0.015
PDF: -0.210 11.40 0.022
PDF: -0.200 11.40 0.032
PDF: -0.190 11.40 0.047
PDF: -0.180 11.40 0.066
PDF: -0.170 11.40 0.092
PDF: -0.160 11.40 0.124
PDF: -0.150 11.40 0.165
PDF: -0.140 11.40 0.214
PDF: -0.130 11.40 0.273
PDF: -0.120 11.40 0.340
PDF: -0.110 11.40 0.416
PDF: -0.100 11.40 0.498
PDF: -0.090 11.40 0.584
PDF: -0.080 11.40 0.671
PDF: -0.070 11.40 0.755
PDF: -0.060 11.40 0.832
PDF: -0.050 11.40 0.899
PDF: -0.040 11.40 0.951
PDF: -0.030 11.40 0.985
PDF: -0.020 11.40 1.000
PDF: -0.010 11.40 0.999
PDF: 0.000 11.40 0.990
PDF: 0.010 11.40 0.975
PDF: 0.020 11.40 0.955
PDF: 0.030 11.40 0.928
PDF: 0.040 11.40 0.897
PDF: 0.050 11.40 0.861
PDF: 0.060 11.40 0.821
PDF: 0.070 11.40 0.777
PDF: 0.080 11.40 0.731
PDF: 0.090 11.40 0.684
PDF: 0.100 11.40 0.635
PDF: 0.110 11.40 0.586
PDF: 0.120 11.40 0.537
PDF: 0.130 11.40 0.489
PDF: 0.140 11.40 0.442
PDF: 0.150 11.40 0.398
PDF: 0.160 11.40 0.355
PDF: 0.170 11.40 0.315
PDF: 0.180 11.40 0.278
PDF: 0.190 11.40 0.243
PDF: 0.200 11.40 0.211
PDF: 0.210 11.40 0.183
PDF: 0.220 11.40 0.157
PDF: 0.230 11.40 0.134
PDF: 0.240 11.40 0.113
PDF: 0.250 11.40 0.095
PDF: 0.260 11.40 0.080
PDF: 0.270 11.40 0.066
PDF: 0.280 11.40 0.055
PDF: 0.290 11.40 0.045
PDF: 0.300 11.40 0.037
PDF: 0.310 11.40 0.030
PDF: 0.320 11.40 0.024
PDF: 0.330 11.40 0.019
PDF: 0.340 11.40 0.015
PDF: 0.350 11.40 0.012
PDF: 0.360 11.40 0.009
PDF: 0.370 11.40 0.007
PDF: 0.380 11.40 0.006
PDF: 0.390 11.40 0.004
PDF: 0.400 11.40 0.003
PDF: 0.410 11.40 0.002
PDF: 0.420 11.40 0.002
PDF: 0.430 11.40 0.001
PDF: 0.440 11.40 0.001
PDF: 0.450 11.40 0.001
PDF: 0.460 11.40 0.001
PDF: 0.470 11.40 0.000
PDF: 0.480 11.40 0.000
PDF: 0.490 11.40 0.000
PDF: -0.500 11.60 0.000
PDF: -0.490 11.60 0.000
PDF: -0.480 11.60 0.000
PDF: -0.470 11.60 0.000
PDF: -0.460 11.60 0.000
PDF: -0.450 11.60 0.000
PDF: -0.440 11.60 0.000
PDF: -0.430 11.60 0.000
PDF: -0.420 11.60 0.000
PDF: -0.410 11.60 0.000
PDF: -0.400 11.60 0.000
PDF: -0.390 11.60 0.000
PDF: -0.380 11.60 0.000
PDF: -0.370 11.60 0.000
PDF: -0.360 11.60 0.000
PDF: -0.350 11.60 0.000
PDF: -0.340 11.60 0.000
PDF: -0.330 11.60 0.000
PDF: -0.320 11.60 0.000
PDF: -0.310 11.60 0.000
PDF: -0.300 11.60 0.000
PDF: -0.290 11.60 0.001
PDF: -0.280 11.60 0.001
PDF: -0.270 11.60 0.002
PDF: -0.260 11.60 0.003
PDF: -0.250 11.60 0.004
PDF: -0.240 11.60 0.007
PDF: -0.230 11.60 0.011
PDF: -0.220 11.60 0.017
PDF: -0.210 11.60 0.025
PDF: -0.200 11.60 0.037
PDF: -0.190 11.60 0.054
PDF: -0.180 11.60 0.076
PDF: -0.170 11.60 0.105
PDF: -0.160 11.60 0.142
PDF: -0.150 11.60 0.187
PDF: -0.140 11.60 0.242
PDF: -0.130 11.60 0.307
PDF: -0.120 11.60 0.380
PDF: -0.110 11.60 0.461
PDF: -0.100 11.60 0.548
PDF: -0.090 11.60 0.637
PDF: -0.080 11.60 0.724
PDF: -0.070 11.60 0.806
PDF: -0.060 11.60 0.878
PDF: -0.050 11.60 0.936
PDF: -0.040 11.60 0.977
PDF: -0.030 11.60 0.998
PDF: -0.020 11.60 1.000
PDF: -0.010 11.60 0.994
PDF: 0.000 11.60 0.981
PDF: 0.010 11.60 0.963
PDF: 0.020 11.60 0.939
PDF: 0.030 11.60 0.910
PDF: 0.040 11.60 0.876
PDF: 0.050 11.60 0.839
PDF: 0.060 11.60 0.797
PDF: 0.070 11.60 0.754
PDF: 0.080 11.60 0.708
PDF: 0.090 11.60 0.661
PDF: 0.100 11.60 0.613
PDF: 0.110 11.60 0.565
PDF: 0.120 11.60 0.517
PDF: 0.130 11.60 0.471
PDF: 0.140 11.60 0.426
PDF: 0.150 11.60 0.383
PDF: 0.160 11.60 0.342
PDF: 0.170 11.60 0.303
PDF: 0.180 11.60 0.268
PDF: 0.190 11.60 0.235
PDF: 0.200 11.60 0.204
PDF: 0.210 11.60 0.177
PDF: 0.220 11.60 0.152
PDF: 0.230 11.60 0.130
PDF: 0.240 11.60 0.111
PDF: 0.250 11.60 0.093
PDF: 0.260 11.60 0.078
PDF: 0.270 11.60 0.065
PDF: 0.280 11.60 0.054
PDF: 0.290 11.60 0.045
PDF: 0.300 11.60 0.036
PDF: 0.310 11.60 0.030
PDF: 0.320 11.60 0.024
PDF: 0.330 11.60 0.019
PDF: 0.340 11.60 0.015
PDF: 0.350 11.60 0.012
PDF: 0.360 11.60 0.010
PDF: 0.370 11.60 0.007
PDF: 0.380 11.60 0.006
PDF: 0.390 11.60 0.005
PDF: 0.400 11.60 0.003
PDF: 0.410 11.60 0.003
PDF: 0.420 11.60 0.002
PDF: 0.430 11.60 0.002
PDF: 0.440 11.60 0.001
PDF: 0.450 11.60 0.001
PDF: 0.460 11.60 0.001
PDF: 0.470 11.60 0.000
PDF: 0.480 11.60 0.000
PDF: 0.490 11.60 0.000
PDF: -0.500 11.80 0.000
PDF: -0.490 11.80 0.000
PDF: -0.480 11.80 0.000
PDF: -0.470 11.80 0.000
PDF: -0.460 11.80 0.000
PDF: -0.450 11.80 0.000
PDF: -0.440 11.80 0.000
PDF: -0.430 11.80 0.000
PDF: -0.420 11.80 0.000
PDF: -0.410 11.80 0.000
PDF: -0.400 11.80 0.000
PDF: -0.390 11.80 0.000
PDF: -0.380 11.80 0.000
PDF: -0.370 11.80 0.000
PDF: -0.360 11.80 0.000
PDF: -0.350 11.80 0.000
PDF: -0.340 11.80 0.000
PDF: -0.330 11.80 0.000
PDF: -0.320 11.80 0.000
PDF: -0.310 11.80 0.000
PDF: -0.300 11.80 0.001
PDF: -0.290 11.80 0.001
PDF: -0.280 11.80 0.002
PDF: -0.270 11.80 0.003
PDF: -0.260 11.80 0.005
PDF: -0.250 11.80 0.008
PDF: -0.240 11.80 0.012
PDF: -0.230 11.80 0.019
PDF: -0.220 11.80 0.028
PDF: -0.210 11.80 0.040
PDF: -0.200 11.80 0.057
PDF: -0.190 11.80 0.079
PDF: -0.180 11.80 0.108
PDF: -0.170 11.80 0.145
PDF: -0.160 11.80 0.190
PDF: -0.150 11.80 0.244
PDF: -0.140 11.80 0.306
PDF: -0.130 11.80 0.377
PDF: -0.120 11.80 0.456
PDF: -0.110 11.80 0.539
PDF: -0.100 11.80 0.626
PDF: -0.090 11.80 0.711
PDF: -0.080 11.80 0.792
PDF: -0.070 11.80 0.864
PDF: -0.060 11.80 0.924
PDF: -0.050 11.80 0.968
PDF: -0.040 11.80 0.994
PDF: -0.030 11.80 1.000
PDF: -0.020 11.80 0.995
PDF: -0.010 11.80 0.984
PDF: 0.000 11.80 0.966
PDF: 0.010 11.80 0.942
PDF: 0.020 11.80 0.913
PDF: 0.030 11.80 0.878
PDF: 0.040 11.80 0.839
PDF: 0.050 11.80 0.797
PDF: 0.060 11.80 0.751
PDF: 0.070 11.80 0.703
PDF: 0.080 11.80 0.654
PDF: 0.090 11.80 0.604
PDF: 0.100 11.80 0.555
PDF: 0.110 11.80 0.506
PDF: 0.120 11.80 0.458
PDF: 0.130 11.80 0.411
PDF: 0.140 11.80 0.368
PDF: 0.150 11.80 0.326
PDF: 0.160 11.80 0.287
PDF: 0.170 11.80 0.251
PDF: 0.180 11.80 0.219
PDF: 0.190 11.80 0.189
PDF: 0.200 11.80 0.162
PDF: 0.210 11.80 0.138
PDF: 0.220 11.80 0.117
PDF: 0.230 11.80 0.098
PDF: 0.240 11.80 0.082
PDF: 0.250 11.80 0.068
PDF: 0.260 11.80 0.056
PDF: 0.270 11.80 0.046
PDF: 0.280 11.80 0.037
PDF: 0.290 11.80 0.030
PDF: 0.300 11.80 0.024
PDF: 0.310 11.80 0.019
PDF: 0.320 11.80 0.015
PDF: 0.330 11.80 0.012
PDF: 0.340 11.80 0.009
PDF: 0.350 11.80 0.007
PDF: 0.360 11.80 0.006
PDF: 0.370 11.80 0.004
PDF: 0.380 11.80 0.003
PDF: 0.390 11.80 0.002
PDF: 0.400 11.80 0.002
PDF: 0.410 11.80 0.001
PDF: 0.420 11.80 0.001
PDF: 0.430 11.80 0.001
PDF: 0.440 11.80 0.001
PDF: 0.450 11.80 0.000
PDF: 0.460 11.80 0.000
PDF: 0.470 11.80 0.000
PDF: 0.480 11.80 0.000
PDF: 0.490 11.80 0.000
PDF: -0.500 12.00 0.000
PDF: -0.490 12.00 0.000
PDF: -0.480 12.00 0.000
PDF: -0.470 12.00 0.000
PDF: -0.460 12.00 0.000
PDF: -0.450 12.00 0.000
PDF: -0.440 12.00 0.000
PDF: -0.430 12.00 0.000
PDF: -0.420 12.00 0.000
PDF: -0.410 12.00 0.000
PDF: -0.400 12.00 0.000
PDF: -0.390 12.00 0.000
PDF: -0.380 12.00 0.000
PDF: -0.370 12.00 0.000
PDF: -0.360 12.00 0.000
PDF: -0.350 12.00 0.000
PDF: -0.340 12.00 0.000
PDF: -0.330 12.00 0.000
PDF: -0.320 12.00 0.000
PDF: -0.310 12.00 0.001
PDF: -0.300 12.00 0.001
PDF: -0.290 12.00 0.002
PDF: -0.280 12.00 0.002
PDF: -0.270 12.00 0.004
PDF: -0.260 12.00 0.006
PDF: -0.250 12.00 0.009
PDF: -0.240 12.00 0.014
PDF: -0.230 12.00 0.021
PDF: -0.220 12.00 0.031
PDF: -0.210 12.00 0.044
PDF: -0.200 12.00 0.061
PDF: -0.190 12.00 0.083
PDF: -0.180 12.00 0.112
PDF: -0.170 12.00 0.148
PDF: -0.160 12.00 0.192
PDF: -0.150 12.00 0.245
PDF: -0.140 12.00 0.306
PDF: -0.130 12.00 0.374
PDF: -0.120 12.00 0.450
PDF: -0.110 12.00 0.530
PDF: -0.100 12.00 0.613
PDF: -0.090 12.00 0.696
PDF: -0.080 12.00 0.775
PDF: -0.070 12.00 0.847
PDF: -0.060 12.00 0.909
PDF: -0.050 12.00 0.956
PDF: -0.040 12.00 0.987
PDF: -0.030 12.00 1.000
PDF: -0.020 12.00 0.997
PDF: -0.010 12.00 0.982
PDF: 0.000 12.00 0.957
PDF: 0.010 12.00 0.923
PDF: 0.020 12.00 0.880
PDF: 0.030 12.00 0.829
PDF: 0.040 12.00 0.773
PDF: 0.050 12.00 0.713
PDF: 0.060 12.00 0.650
PDF: 0.070 12.00 0.586
PDF: 0.080 12.00 0.523
PDF: 0.090 12.00 0.461
PDF: 0.100 12.00 0.402
PDF: 0.110 12.00 0.347
PDF: 0.120 12.00 0.296
PDF: 0.130 12.00 0.250
PDF: 0.140 12.00 0.208
PDF: 0.150 12.00 0.172
PDF: 0.160 12.00 0.140
PDF: 0.170 12.00 0.113
PDF: 0.180 12.00 0.090
PDF: 0.190 12.00 0.071
PDF: 0.200 12.00 0.056
PDF: 0.210 12.00 0.043
PDF: 0.220 12.00 0.033
PDF: 0.230 12.00 0.025
PDF: 0.240 12.00 0.018
PDF: 0.250 12.00 0.014
PDF: 0.260 12.00 0.010
PDF: 0.270 12.00 0.007
PDF: 0.280 12.00 0.005
PDF: 0.290 12.00 0.004
PDF: 0.300 12.00 0.003
PDF: 0.310 12.00 0.002
PDF: 0.320 12.00 0.001
PDF: 0.330 12.00 0.001
PDF: 0.340 12.00 0.001
PDF: 0.350 12.00 0.000
PDF: 0.360 12.00 0.000
PDF: 0.370 12.00 0.000
PDF: 0.380 12.00 0.000
PDF: 0.390 12.00 0.000
PDF: 0.400 12.00 0.000
PDF: 0.410 12.00 0.000
PDF: 0.420 12.00 0.000
PDF: 0.430 12.00 0.000
PDF: 0.440 12.00 0.000
PDF: 0.450 12.00 0.000
PDF: 0.460 12.00 0.000
PDF: 0.470 12.00 0.000
PDF: 0.480 12.00 0.000
PDF: 0.490 12.00 0.000
PDF: -0.500 12.20 0.000
PDF: -0.490 12.20 0.000
PDF: -0.480 12.20 0.000
PDF: -0.470 12.20 0.000
PDF: -0.460 12.20 0.000
PDF: -0.450 12.20 0.000
PDF: -0.440 12.20 0.000
PDF: -0.430 12.20 0.000
PDF: -0.420 12.20 0.000
PDF: -0.410 12.20 0.000
PDF: -0.400 12.20 0.000
PDF: -0.390 12.20 0.000
PDF: -0.380 12.20 0.000
PDF: -0.370 12.20 0.000
PDF: -0.360 12.20 0.000
PDF: -0.350 12.20 0.000
PDF: -0.340 12.20 0.000
PDF: -0.330 12.20 0.000
PDF: -0.320 12.20 0.000
PDF: -0.310 12.20 0.000
PDF: -0.300 12.20 0.000
PDF: -0.290 12.20 0.000
PDF: -0.280 12.20 0.001
PDF: -0.270 12.20 0.002
PDF: -0.260 12.20 0.004
PDF: -0.250 12.20 0.007
PDF: -0.240 12.20 0.013
PDF: -0.230 12.20 0.023
PDF: -0.220 12.20 0.040
PDF: -0.210 12.20 0.064
PDF: -0.200 12.20 0.100
PDF: -0.190 12.20 0.151
PDF: -0.180 12.20 0.217
PDF: -0.170 12.20 0.301
PDF: -0.160 12.20 0.402
PDF: -0.150 12.20 0.515
PDF: -0.140 12.20 0.635
PDF: -0.130 12.20 0.753
PDF: -0.120 12.20 0.857
PDF: -0.110 12.20 0.938
PDF: -0.100 12.20 0.988
PDF: -0.090 12.20 1.000
PDF: -0.080 12.20 0.997
PDF: -0.070 12.20 0.991
PDF: -0.060 12.20 0.980
PDF: -0.050 12.20 0.966
PDF: -0.040 12.20 0.948
PDF: -0.030 12.20 0.927
PDF: -0.020 12.20 0.902
PDF: -0.010 12.20 0.875
PDF: 0.000 12.20 0.846
PDF: 0.010 12.20 0.814
PDF: 0.020 12.20 0.780
PDF: 0.030 12.20 0.745
PDF: 0.040 12.20 0.708
PDF: 0.050 12.20 0.671
PDF: 0.060 12.20 0.633
PDF: 0.070 12.20 0.594
PDF: 0.080 12.20 0.556
PDF: 0.090 12.20 0.519
PDF: 0.100 12.20 0.482
PDF: 0.110 12.20 0.445
PDF: 0.120 12.20 0.410
PDF: 0.130 12.20 0.377
PDF: 0.140 12.20 0.344
PDF: 0.150 12.20 0.313
PDF: 0.160 12.20 0.284
PDF: 0.170 12.20 0.257
PDF: 0.180 12.20 0.231
PDF: 0.190 12.20 0.207
PDF: 0.200 12.20 0.185
PDF: 0.210 12.20 0.164
PDF: 0.220 12.20 0.145
PDF: 0.230 12.20 0.128
PDF: 0.240 12.20 0.113
PDF: 0.250 12.20 0.098
PDF: 0.260 12.20 0.086
PDF: 0.270 12.20 0.074
PDF: 0.280 12.20 0.064
PDF: 0.290 12.20 0.055
PDF: 0.300 12.20 0.048
PDF: 0.310 12.20 0.041
PDF: 0.320 12.20 0.035
PDF: 0.330 12.20 0.029
PDF: 0.340 12.20 0.025
PDF: 0.350 12.20 0.021
PDF: 0.360 12.20 0.017
PDF: 0.370 12.20 0.015
PDF: 0.380 12.20 0.012
PDF: 0.390 12.20 0.010
PDF: 0.400 12.20 0.008
PDF: 0.410 12.20 0.007
PDF: 0.420 12.20 0.006
PDF: 0.430 12.20 0.005
PDF: 0.440 12.20 0.004
PDF: 0.450 12.20 0.003
PDF: 0.460 12.20 0.002
PDF: 0.470 12.20 0.002
PDF: 0.480 12.20 0.002
PDF: 0.490 12.20 0.001

VARNAMES: SALT2x1 LOGMASS PROB
PDF: -5.000 8.40 0.000
PDF: -4.900 8.40 0.000
PDF: -4.800 8.40 0.000
PDF: -4.700 8.40 0.000
PDF: -4.600 8.40 0.000
PDF: -4.500 8.40 0.000
PDF: -4.400 8.40 0.000
PDF: -4.300 8.40 0.000
PDF: -4.200 8.40 0.000
PDF: -4.100 8.40 0.000
PDF: -4.000 8.40 0.000
PDF: -3.900 8.40 0.000
PDF: -3.800 8.40 0.000
PDF: -3.700 8.40 0.000
PDF: -3.600 8.40 0.000
PDF: -3.500 8.40 0.000
PDF: -3.400 8.40 0.000
PDF: -3.300 8.40 0.000
PDF: -3.200 8.40 0.000
PDF: -3.100 8.40 0.000
PDF: -3.000 8.40 0.000
PDF: -2.900 8.40 0.000
PDF: -2.800 8.40 0.000
PDF: -2.700 8.40 0.000
PDF: -2.600 8.40 0.000
PDF: -2.500 8.40 0.000
PDF: -2.400 8.40 0.000
PDF: -2.300 8.40 0.000
PDF: -2.200 8.40 0.000
PDF: -2.100 8.40 0.000
PDF: -2.000 8.40 0.000
PDF: -1.900 8.40 0.001
PDF: -1.800 8.40 0.001
PDF: -1.700 8.40 0.002
PDF: -1.600 8.40 0.004
PDF: -1.500 8.40 0.006
PDF: -1.400 8.40 0.010
PDF: -1.300 8.40 0.015
PDF: -1.200 8.40 0.022
PDF: -1.100 8.40 0.033
PDF: -1.000 8.40 0.047
PDF: -0.900 8.40 0.067
PDF: -0.800 8.40 0.092
PDF: -0.700 8.40 0.125
PDF: -0.600 8.40 0.166
PDF: -0.500 8.40 0.216
PDF: -0.400 8.40 0.274
PDF: -0.300 8.40 0.342
PDF: -0.200 8.40 0.418
PDF: -0.100 8.40 0.500
PDF: -0.000 8.40 0.586
PDF: 0.100 8.40 0.673
PDF: 0.200 8.40 0.757
PDF: 0.300 8.40 0.834
PDF: 0.400 8.40 0.900
PDF: 0.500 8.40 0.952
PDF: 0.600 8.40 0.986
PDF: 0.700 8.40 1.000
PDF: 0.800 8.40 0.977
PDF: 0.900 8.40 0.889
PDF: 1.000 8.40 0.752
PDF: 1.100 8.40 0.591
PDF: 1.200 8.40 0.432
PDF: 1.300 8.40 0.293
PDF: 1.400 8.40 0.185
PDF: 1.500 8.40 0.109
PDF: 1.600 8.40 0.059
PDF: 1.700 8.40 0.030
PDF: 1.800 8.40 0.014
PDF: 1.900 8.40 0.006
PDF: 2.000 8.40 0.003
PDF: 2.100 8.40 0.001
PDF: 2.200 8.40 0.000
PDF: 2.300 8.40 0.000
PDF: 2.400 8.40 0.000
PDF: 2.500 8.40 0.000
PDF: 2.600 8.40 0.000
PDF: 2.700 8.40 0.000
PDF: 2.800 8.40 0.000
PDF: 2.900 8.40 0.000
PDF: 3.000 8.40 0.000
PDF: 3.100 8.40 0.000
PDF: 3.200 8.40 0.000
PDF: 3.300 8.40 0.000
PDF: 3.400 8.40 0.000
PDF: 3.500 8.40 0.000
PDF: 3.600 8.40 0.000
PDF: 3.700 8.40 0.000
PDF: 3.800 8.40 0.000
PDF: 3.900 8.40 0.000
PDF: 4.000 8.40 0.000
PDF: 4.100 8.40 0.000
PDF: 4.200 8.40 0.000
PDF: 4.300 8.40 0.000
PDF: 4.400 8.40 0.000
PDF: 4.500 8.40 0.000
PDF: 4.600 8.40 0.000
PDF: 4.700 8.40 0.000
PDF: 4.800 8.40 0.000
PDF: 4.900 8.40 0.000
PDF: -5.000 8.60 0.000
PDF: -4.900 8.60 0.000
PDF: -4.800 8.60 0.000
PDF: -4.700 8.60 0.000
PDF: -4.600 8.60 0.000
PDF: -4.500 8.60 0.000
PDF: -4.400 8.60 0.000
PDF: -4.300 8.60 0.000
PDF: -4.200 8.60 0.000
PDF: -4.100 8.60 0.000
PDF: -4.000 8.60 0.000
PDF: -3.900 8.60 0.000
PDF: -3.800 8.60 0.000
PDF: -3.700 8.60 0.000
PDF: -3.600 8.60 0.000
PDF: -3.500 8.60 0.000
PDF: -3.400 8.60 0.000
PDF: -3.300 8.60 0.000
PDF: -3.200 8.60 0.000
PDF: -3.100 8.60 0.000
PDF: -3.000 8.60 0.001
PDF: -2.900 8.60 0.001
PDF: -2.800 8.60 0.001
PDF: -2.700 8.60 0.002
PDF: -2.600 8.60 0.002
PDF: -2.500 8.60 0.003
PDF: -2.400 8.60 0.005
PDF: -2.300 8.60 0.007
PDF: -2.200 8.60 0.009
PDF: -2.100 8.60 0.012
PDF: -2.000 8.60 0.017
PDF: -1.900 8.60 0.022
PDF: -1.800 8.60 0.029
PDF: -1.700 8.60 0.038
PDF: -1.600 8.60 0.050
PDF: -1.500 8.60 0.064
PDF: -1.400 8.60 0.081
PDF: -1.300 8.60 0.101
PDF: -1.200 8.60 0.126
PDF: -1.100 8.60 0.154
PDF: -1.000 8.60 0.187
PDF: -0.900 8.60 0.225
PDF: -0.800 8.60 0.267
PDF: -0.700 8.60 0.315
PDF: -0.600 8.60 0.366
PDF: -0.500 8.60 0.422
PDF: -0.400 8.60 0.480
PDF: -0.300 8.60 0.542
PDF: -0.200 8.60 0.604
PDF: -0.100 8.60 0.667
PDF: -0.000 8.60 0.728
PDF: 0.100 8.60 0.786
PDF: 0.200 8.60 0.841
PDF: 0.300 8.60 0.889
PDF: 0.400 8.60 0.930
PDF: 0.500 8.60 0.963
PDF: 0.600 8.60 0.987
PDF: 0.700 8.60 1.000
PDF: 0.800 8.60 0.999
PDF: 0.900 8.60 0.909
PDF: 1.000 8.60 0.727
PDF: 1.100 8.60 0.512
PDF: 1.200 8.60 0.317
PDF: 1.300 8.60 0.173
PDF: 1.400 8.60 0.083
PDF: 1.500 8.60 0.035
PDF: 1.600 8.60 0.013
PDF: 1.700 8.60 0.004
PDF: 1.800 8.60 0.001
PDF: 1.900 8.60 0.000
PDF: 2.000 8.60 0.000
PDF: 2.100 8.60 0.000
PDF: 2.200 8.60 0.000
PDF: 2.300 8.60 0.000
PDF: 2.400 8.60 0.000
PDF: 2.500 8.60 0.000
PDF: 2.600 8.60 0.000
PDF: 2.700 8.60 0.000
PDF: 2.800 8.60 0.000
PDF: 2.900 8.60 0.000
PDF: 3.000 8.60 0.000
PDF: 3.100 8.60 0.000
PDF: 3.200 8.60 0.000
PDF: 3.300 8.60 0.000
PDF: 3.400 8.60 0.000
PDF: 3.500 8.60 0.000
PDF: 3.600 8.60 0.000
PDF: 3.700 8.60 0.000
PDF: 3.800 8.60 0.000
PDF: 3.900 8.60 0.000
PDF: 4.000 8.60 0.000
PDF: 4.100 8.60 0.000
PDF: 4.200 8.60 0.000
PDF: 4.300 8.60 0.000
PDF: 4.400 8.60 0.000
PDF: 4.500 8.60 0.000
PDF: 4.600 8.60 0.000
PDF: 4.700 8.60 0.000
PDF: 4.800 8.60 0.000
PDF: 4.900 8.60 0.000
PDF: -5.000 8.80 0.000
PDF: -4.900 8.80 0.000
PDF: -4.800 8.80 0.000
PDF: -4.700 8.80 0.000
PDF: -4.600 8.80 0.000
PDF: -4.500 8.80 0.000
PDF: -4.400 8.80 0.000
PDF: -4.300 8.80 0.000
PDF: -4.200 8.80 0.000
PDF: -4.100 8.80 0.000
PDF: -4.000 8.80 0.000
PDF: -3.900 8.80 0.000
PDF: -3.800 8.80 0.000
PDF: -3.700 8.80 0.000
PDF: -3.600 8.80 0.000
PDF: -3.500 8.80 0.000
PDF: -3.400 8.80 0.000
PDF: -3.300 8.80 0.000
PDF: -3.200 8.80 0.000
PDF: -3.100 8.80 0.000
PDF: -3.000 8.80 0.000
PDF: -2.900 8.80 0.000
PDF: -2.800 8.80 0.000
PDF: -2.700 8.80 0.000
PDF: -2.600 8.80 0.000
PDF: -2.500 8.80 0.000
PDF: -2.400 8.80 0.000
PDF: -2.300 8.80 0.000
PDF: -2.200 8.80 0.000
PDF: -2.100 8.80 0.000
PDF: -2.000 8.80 0.000
PDF: -1.900 8.80 0.000
PDF: -1.800 8.80 0.000
PDF: -1.700 8.80 0.001
PDF: -1.600 8.80 0.001
PDF: -1.500 8.80 0.002
PDF: -1.400 8.80 0.004
PDF: -1.300 8.80 0.006
PDF: -1.200 8.80 0.011
PDF: -1.100 8.80 0.018
PDF: -1.000 8.80 0.028
PDF: -0.900 8.80 0.043
PDF: -0.800 8.80 0.065
PDF: -0.700 8.80 0.096
PDF: -0.600 8.80 0.136
PDF: -0.500 8.80 0.188
PDF: -0.400 8.80 0.252
PDF: -0.300 8.80 0.329
PDF: -0.200 8.80 0.417
PDF: -0.100 8.80 0.514
PDF: -0.000 8.80 0.615
PDF: 0.100 8.80 0.717
PDF: 0.200 8.80 0.811
PDF: 0.300 8.80 0.892
PDF: 0.400 8.80 0.954
PDF: 0.500 8.80 0.991
PDF: 0.600 8.80 1.000
PDF: 0.700 8.80 0.941
PDF: 0.800 8.80 0.805
PDF: 0.900 8.80 0.628
PDF: 1.000 8.80 0.446
PDF: 1.100 8.80 0.288
PDF: 1.200 8.80 0.170
PDF: 1.300 8.80 0.091
PDF: 1.400 8.80 0.044
PDF: 1.500 8.80 0.020
PDF: 1.600 8.80 0.008
PDF: 1.700 8.80 0.003
PDF: 1.800 8.80 0.001
PDF: 1.900 8.80 0.000
PDF: 2.000 8.80 0.000
PDF: 2.100 8.80 0.000
PDF: 2.200 8.80 0.000
PDF: 2.300 8.80 0.000
PDF: 2.400 8.80 0.000
PDF: 2.500 8.80 0.000
PDF: 2.600 8.80 0.000
PDF: 2.700 8.80 0.000
PDF: 2.800 8.80 0.000
PDF: 2.900 8.80 0.000
PDF: 3.000 8.80 0.000
PDF: 3.100 8.80 0.000
PDF: 3.200 8.80 0.000
PDF: 3.300 8.80 0.000
PDF: 3.400 8.80 0.000
PDF: 3.500 8.80 0.000
PDF: 3.600 8.80 0.000
PDF: 3.700 8.80 0.000
PDF: 3.800 8.80 0.000
PDF: 3.900 8.80 0.000
PDF: 4.000 8.80 0.000
PDF: 4.100 8.80 0.000
PDF: 4.200 8.80 0.000
PDF: 4.300 8.80 0.000
PDF: 4.400 8.80 0.000
PDF: 4.500 8.80 0.000
PDF: 4.600 8.80 0.000
PDF: 4.700 8.80 0.000
PDF: 4.800 8.80 0.000
PDF: 4.900 8.80 0.000
PDF: -5.000 9.00 0.000
PDF: -4.900 9.00 0.000
PDF: -4.800 9.00 0.000
PDF: -4.700 9.00 0.000
PDF: -4.600 9.00 0.000
PDF: -4.500 9.00 0.000
PDF: -4.400 9.00 0.000
PDF: -4.300 9.00 0.000
PDF: -4.200 9.00 0.000
PDF: -4.100 9.00 0.000
PDF: -4.000 9.00 0.000
PDF: -3.900 9.00 0.000
PDF: -3.800 9.00 0.000
PDF: -3.700 9.00 0.000
PDF: -3.600 9.00 0.000
PDF: -3.500 9.00 0.000
PDF: -3.400 9.00 0.000
PDF: -3.300 9.00 0.000
PDF: -3.200 9.00 0.000
PDF: -3.100 9.00 0.000
PDF: -3.000 9.00 0.000
PDF: -2.900 9.00 0.000
PDF: -2.800 9.00 0.000
PDF: -2.700 9.00 0.000
PDF: -2.600 9.00 0.001
PDF: -2.500 9.00 0.001
PDF: -2.400 9.00 0.002
PDF: -2.300 9.00 0.002
PDF: -2.200 9.00 0.003
PDF: -2.100 9.00 0.005
PDF: -2.000 9.00 0.007
PDF: -1.900 9.00 0.010
PDF: -1.800 9.00 0.014
PDF: -1.700 9.00 0.019
PDF: -1.600 9.00 0.026
PDF: -1.500 9.00 0.035
PDF: -1.400 9.00 0.046
PDF: -1.300 9.00 0.060
PDF: -1.200 9.00 0.078
PDF: -1.100 9.00 0.099
PDF: -1.000 9.00 0.125
PDF: -0.900 9.00 0.156
PDF: -0.800 9.00 0.192
PDF: -0.700 9.00 0.234
PDF: -0.600 9.00 0.281
PDF: -0.500 9.00 0.333
PDF: -0.400 9.00 0.391
PDF: -0.300 9.00 0.452
PDF: -0.200 9.00 0.517
PDF: -0.100 9.00 0.584
PDF: -0.000 9.00 0.651
PDF: 0.100 9.00 0.717
PDF: 0.200 9.00 0.781
PDF: 0.300 9.00 0.839
PDF: 0.400 9.00 0.891
PDF: 0.500 9.00 0.934
PDF: 0.600 9.00 0.967
PDF: 0.700 9.00 0.990
PDF: 0.800 9.00 1.000
PDF: 0.900 9.00 0.974
PDF: 1.000 9.00 0.842
PDF: 1.100 9.00 0.642
PDF: 1.200 9.00 0.431
PDF: 1.300 9.00 0.256
PDF: 1.400 9.00 0.134
PDF: 1.500 9.00 0.062
PDF: 1.600 9.00 0.025
PDF: 1.700 9.00 0.009
PDF: 1.800 9.00 0.003
PDF: 1.900 9.00 0.001
PDF: 2.000 9.00 0.000
PDF: 2.100 9.00 0.000
PDF: 2.200 9.00 0.000
PDF: 2.300 9.00 0.000
PDF: 2.400 9.00 0.000
PDF: 2.500 9.00 0.000
PDF: 2.600 9.00 0.000
PDF: 2.700 9.00 0.000
PDF: 2.800 9.00 0.000
PDF: 2.900 9.00 0.000
PDF: 3.000 9.00 0.000
PDF: 3.100 9.00 0.000
PDF: 3.200 9.00 0.000
PDF: 3.300 9.00 0.000
PDF: 3.400 9.00 0.000
PDF: 3.500 9.00 0.000
PDF: 3.600 9.00 0.000
PDF: 3.700 9.00 0.000
PDF: 3.800 9.00 0.000
PDF: 3.900 9.00 0.000
PDF: 4.000 9.00 0.000
PDF: 4.100 9.00 0.000
PDF: 4.200 9.00 0.000
PDF: 4.300 9.00 0.000
PDF: 4.400 9.00 0.000
PDF: 4.500 9.00 0.000
PDF: 4.600 9.00 0.000
PDF: 4.700 9.00 0.000
PDF: 4.800 9.00 0.000
PDF: 4.900 9.00 0.000
PDF: -5.000 9.20 0.000
PDF: -4.900 9.20 0.000
PDF: -4.800 9.20 0.000
PDF: -4.700 9.20 0.000
PDF: -4.600 9.20 0.000
PDF: -4.500 9.20 0.000
PDF: -4.400 9.20 0.000
PDF: -4.300 9.20 0.000
PDF: -4.200 9.20 0.000
PDF: -4.100 9.20 0.000
PDF: -4.000 9.20 0.000
PDF: -3.900 9.20 0.000
PDF: -3.800 9.20 0.000
PDF: -3.700 9.20 0.000
PDF: -3.600 9.20 0.000
PDF: -3.500 9.20 0.000
PDF: -3.400 9.20 0.000
PDF: -3.300 9.20 0.000
PDF: -3.200 9.20 0.000
PDF: -3.100 9.20 0.000
PDF: -3.000 9.20 0.000
PDF: -2.900 9.20 0.000
PDF: -2.800 9.20 0.001
PDF: -2.700 9.20 0.001
PDF: -2.600 9.20 0.002
PDF: -2.500 9.20 0.002
PDF: -2.400 9.20 0.003
PDF: -2.300 9.20 0.004
PDF: -2.200 9.20 0.006
PDF: -2.100 9.20 0.008
PDF: -2.000 9.20 0.011
PDF: -1.900 9.20 0.015
PDF: -1.800 9.20 0.020
PDF: -1.700 9.20 0.027
PDF: -1.600 9.20 0.035
PDF: -1.500 9.20 0.046
PDF: -1.400 9.20 0.058
PDF: -1.300 9.20 0.074
PDF: -1.200 9.20 0.093
PDF: -1.100 9.20 0.115
PDF: -1.000 9.20 0.141
PDF: -0.900 9.20 0.172
PDF: -0.800 9.20 0.207
PDF: -0.700 9.20 0.246
PDF: -0.600 9.20 0.290
PDF: -0.500 9.20 0.338
PDF: -0.400 9.20 0.391
PDF: -0.300 9.20 0.447
PDF: -0.200 9.20 0.505
PDF: -0.100 9.20 0.566
PDF: -0.000 9.20 0.627
PDF: 0.100 9.20 0.688
PDF: 0.200 9.20 0.748
PDF: 0.300 9.20 0.804
PDF: 0.400 9.20 0.855
PDF: 0.500 9.20 0.901
PDF: 0.600 9.20 0.939
PDF: 0.700 9.20 0.969
PDF: 0.800 9.20 0.989
PDF: 0.900 9.20 1.000
PDF: 1.000 9.20 0.985
PDF: 1.100 9.20 0.837
PDF: 1.200 9.20 0.599
PDF: 1.300 9.20 0.360
PDF: 1.400 9.20 0.183
PDF: 1.500 9.20 0.078
PDF: 1.600 9.20 0.028
PDF: 1.700 9.20 0.008
PDF: 1.800 9.20 0.002
PDF: 1.900 9.20 0.000
PDF: 2.000 9.20 0.000
PDF: 2.100 9.20 0.000
PDF: 2.200 9.20 0.000
PDF: 2.300 9.20 0.000
PDF: 2.400 9.20 0.000
PDF: 2.500 9.20 0.000
PDF: 2.600 9.20 0.000
PDF: 2.700 9.20 0.000
PDF: 2.800 9.20 0.000
PDF: 2.900 9.20 0.000
PDF: 3.000 9.20 0.000
PDF: 3.100 9.20 0.000
PDF: 3.200 9.20 0.000
PDF: 3.300 9.20 0.000
PDF: 3.400 9.20 0.000
PDF: 3.500 9.20 0.000
PDF: 3.600 9.20 0.000
PDF: 3.700 9.20 0.000
PDF: 3.800 9.20 0.000
PDF: 3.900 9.20 0.000
PDF: 4.000 9.20 0.000
PDF: 4.100 9.20 0.000
PDF: 4.200 9.20 0.000
PDF: 4.300 9.20 0.000
PDF: 4.400 9.20 0.000
PDF: 4.500 9.20 0.000
PDF: 4.600 9.20 0.000
PDF: 4.700 9.20 0.000
PDF: 4.800 9.20 0.000
PDF: 4.900 9.20 0.000
PDF: -5.000 9.40 0.000
PDF: -4.900 9.40 0.000
PDF: -4.800 9.40 0.000
PDF: -4.700 9.40 0.000
PDF: -4.600 9.40 0.000
PDF: -4.500 9.40 0.000
PDF: -4.400 9.40 0.000
PDF: -4.300 9.40 0.000
PDF: -4.200 9.40 0.000
PDF: -4.100 9.40 0.000
PDF: -4.000 9.40 0.000
PDF: -3.900 9.40 0.000
PDF: -3.800 9.40 0.000
PDF: -3.700 9.40 0.000
PDF: -3.600 9.40 0.000
PDF: -3.500 9.40 0.000
PDF: -3.400 9.40 0.000
PDF: -3.300 9.40 0.000
PDF: -3.200 9.40 0.001
PDF: -3.100 9.40 0.001
PDF: -3.000 9.40 0.001
PDF: -2.900 9.40 0.002
PDF: -2.800 9.40 0.002
PDF: -2.700 9.40 0.003
PDF: -2.600 9.40 0.004
PDF: -2.500 9.40 0.006
PDF: -2.400 9.40 0.008
PDF: -2.300 9.40 0.010
PDF: -2.200 9.40 0.013
PDF: -2.100 9.40 0.017
PDF: -2.000 9.40 0.022
PDF: -1.900 9.40 0.029
PDF: -1.800 9.40 0.036
PDF: -1.700 9.40 0.046
PDF: -1.600 9.40 0.057
PDF: -1.500 9.40 0.071
PDF: -1.400 9.40 0.087
PDF: -1.300 9.40 0.106
PDF: -1.200 9.40 0.128
PDF: -1.100 9.40 0.153
PDF: -1.000 9.40 0.182
PDF: -0.900 9.40 0.215
PDF: -0.800 9.40 0.251
PDF: -0.700 9.40 0.291
PDF: -0.600 9.40 0.334
PDF: -0.500 9.40 0.381
PDF: -0.400 9.40 0.431
PDF: -0.300 9.40 0.483
PDF: -0.200 9.40 0.537
PDF: -0.100 9.40 0.592
PDF: -0.000 9.40 0.647
PDF: 0.100 9.40 0.701
PDF: 0.200 9.40 0.754
PDF: 0.300 9.40 0.804
PDF: 0.400 9.40 0.851
PDF: 0.500 9.40 0.892
PDF: 0.600 9.40 0.928
PDF: 0.700 9.40 0.957
PDF: 0.800 9.40 0.980
PDF: 0.900 9.40 0.994
PDF: 1.000 9.40 1.000
PDF: 1.100 9.40 0.940
PDF: 1.200 9.40 0.714
PDF: 1.300 9.40 0.437
PDF: 1.400 9.40 0.214
PDF: 1.500 9.40 0.085
PDF: 1.600 9.40 0.027
PDF: 1.700 9.40 0.007
PDF: 1.800 9.40 0.001
PDF: 1.900 9.40 0.000
PDF: 2.000 9.40 0.000
PDF: 2.100 9.40 0.000
PDF: 2.200 9.40 0.000
PDF: 2.300 9.40 0.000
PDF: 2.400 9.40 0.000
PDF: 2.500 9.40 0.000
PDF: 2.600 9.40 0.000
PDF: 2.700 9.40 0.000
PDF: 2.800 9.40 0.000
PDF: 2.900 9.40 0.000
PDF: 3.000 9.40 0.000
PDF: 3.100 9.40 0.000
PDF: 3.200 9.40 0.000
PDF: 3.300 9.40 0.000
PDF: 3.400 9.40 0.000
PDF: 3.500 9.40 0.000
PDF: 3.600 9.40 0.000
PDF: 3.700 9.40 0.000
PDF: 3.800 9.40 0.000
PDF: 3.900 9.40 0.000
PDF: 4.000 9.40 0.000
PDF: 4.100 9.40 0.000
PDF: 4.200 9.40 0.000
PDF: 4.300 9.40 0.000
PDF: 4.400 9.40 0.000
PDF: 4.500 9.40 0.000
PDF: 4.600 9.40 0.000
PDF: 4.700 9.40 0.000
PDF: 4.800 9.40 0.000
PDF: 4.900 9.40 0.000
PDF: -5.000 9.60 0.000
PDF: -4.900 9.60 0.000
PDF: -4.800 9.60 0.000
PDF: -4.700 9.60 0.000
PDF: -4.600 9.60 0.000
PDF: -4.500 9.60 0.000
PDF: -4.400 9.60 0.000
PDF: -4.300 9.60 0.000
PDF: -4.200 9.60 0.000
PDF: -4.100 9.60 0.000
PDF: -4.000 9.60 0.001
PDF: -3.900 9.60 0.001
PDF: -3.800 9.60 0.001
PDF: -3.700 9.60 0.001
PDF: -3.600 9.60 0.002
PDF: -3.500 9.60 0.002
PDF: -3.400 9.60 0.003
PDF: -3.300 9.60 0.004
PDF: -3.200 9.60 0.005
PDF: -3.100 9.60 0.006
PDF: -3.000 9.60 0.007
PDF: -2.900 9.60 0.009
PDF: -2.800 9.60 0.012
PDF: -2.700 9.60 0.015
PDF: -2.600 9.60 0.018
PDF: -2.500 9.60 0.023
PDF: -2.400 9.60 0.028
PDF: -2.300 9.60 0.034
PDF: -2.200 9.60 0.041
PDF: -2.100 9.60 0.050
PDF: -2.000 9.60 0.060
PDF: -1.900 9.60 0.071
PDF: -1.800 9.60 0.085
PDF: -1.700 9.60 0.100
PDF: -1.600 9.60 0.117
PDF: -1.500 9.60 0.137
PDF: -1.400 9.60 0.159
PDF: -1.300 9.60 0.183
PDF: -1.200 9.60 0.210
PDF: -1.100 9.60 0.240
PDF: -1.000 9.60 0.272
PDF: -0.900 9.60 0.307
PDF: -0.800 9.60 0.344
PDF: -0.700 9.60 0.383
PDF: -0.600 9.60 0.424
PDF: -0.500 9.60 0.467
PDF: -0.400 9.60 0.512
PDF: -0.300 9.60 0.557
PDF: -0.200 9.60 0.603
PDF: -0.100 9.60 0.649
PDF: -0.000 9.60 0.695
PDF: 0.100 9.60 0.739
PDF: 0.200 9.60 0.782
PDF: 0.300 9.60 0.822
PDF: 0.400 9.60 0.860
PDF: 0.500 9.60 0.894
PDF: 0.600 9.60 0.924
PDF: 0.700 9.60 0.950
PDF: 0.800 9.60 0.970
PDF: 0.900 9.60 0.986
PDF: 1.000 9.60 0.996
PDF: 1.100 9.60 1.000
PDF: 1.200 9.60 0.934
PDF: 1.300 9.60 0.695
PDF: 1.400 9.60 0.409
PDF: 1.500 9.60 0.190
PDF: 1.600 9.60 0.070
PDF: 1.700 9.60 0.020
PDF: 1.800 9.60 0.005
PDF: 1.900 9.60 0.001
PDF: 2.000 9.60 0.000
PDF: 2.100 9.60 0.000
PDF: 2.200 9.60 0.000
PDF: 2.300 9.60 0.000
PDF: 2.400 9.60 0.000
PDF: 2.500 9.60 0.000
PDF: 2.600 9.60 0.000
PDF: 2.700 9.60 0.000
PDF: 2.800 9.60 0.000
PDF: 2.900 9.60 0.000
PDF: 3.000 9.60 0.000
PDF: 3.100 9.60 0.000
PDF: 3.200 9.60 0.000
PDF: 3.300 9.60 0.000
PDF: 3.400 9.60 0.000
PDF: 3.500 9.60 0.000
PDF: 3.600 9.60 0.000
PDF: 3.700 9.60 0.000
PDF: 3.800 9.60 0.000
PDF: 3.900 9.60 0.000
PDF: 4.000 9.60 0.000
PDF: 4.100 9.60 0.000
PDF: 4.200 9.60 0.000
PDF: 4.300 9.60 0.000
PDF: 4.400 9.60 0.000
PDF: 4.500 9.60 0.000
PDF: 4.600 9.60 0.000
PDF: 4.700 9.60 0.000
PDF: 4.800 9.60 0.000
PDF: 4.900 9.60 0.000
PDF: -5.000 9.80 0.000
PDF: -4.900 9.80 0.000
PDF: -4.800 9.80 0.000
PDF: -4.700 9.80 0.000
PDF: -4.600 9.80 0.000
PDF: -4.500 9.80 0.000
PDF: -4.400 9.80 0.000
PDF: -4.300 9.80 0.000
PDF: -4.200 9.80 0.000
PDF: -4.100 9.80 0.001
PDF: -4.000 9.80 0.001
PDF: -3.900 9.80 0.001
PDF: -3.800 9.80 0.001
PDF: -3.700 9.80 0.002
PDF: -3.600 9.80 0.002
PDF: -3.500 9.80 0.003
PDF: -3.400 9.80 0.003
PDF: -3.300 9.80 0.004
PDF: -3.200 9.80 0.006
PDF: -3.100 9.80 0.007
PDF: -3.000 9.80 0.009
PDF: -2.900 9.80 0.011
PDF: -2.800 9.80 0.014
PDF: -2.700 9.80 0.018
PDF: -2.600 9.80 0.022
PDF: -2.500 9.80 0.027
PDF: -2.400 9.80 0.033
PDF: -2.300 9.80 0.040
PDF: -2.200 9.80 0.048
PDF: -2.100 9.80 0.058
PDF: -2.000 9.80 0.069
PDF: -1.900 9.80 0.081
PDF: -1.800 9.80 0.096
PDF: -1.700 9.80 0.113
PDF: -1.600 9.80 0.131
PDF: -1.500 9.80 0.152
PDF: -1.400 9.80 0.176
PDF: -1.300 9.80 0.202
PDF: -1.200 9.80 0.230
PDF: -1.100 9.80 0.261
PDF: -1.000 9.80 0.294
PDF: -0.900 9.80 0.330
PDF: -0.800 9.80 0.368
PDF: -0.700 9.80 0.408
PDF: -0.600 9.80 0.450
PDF: -0.500 9.80 0.493
PDF: -0.400 9.80 0.538
PDF: -0.300 9.80 0.583
PDF: -0.200 9.80 0.629
PDF: -0.100 9.80 0.674
PDF: -0.000 9.80 0.719
PDF: 0.100 9.80 0.762
PDF: 0.200 9.80 0.803
PDF: 0.300 9.80 0.842
PDF: 0.400 9.80 0.878
PDF: 0.500 9.80 0.910
PDF: 0.600 9.80 0.938
PDF: 0.700 9.80 0.961
PDF: 0.800 9.80 0.979
PDF: 0.900 9.80 0.992
PDF: 1.000 9.80 1.000
PDF: 1.100 9.80 1.000
PDF: 1.200 9.80 0.875
PDF: 1.300 9.80 0.622
PDF: 1.400 9.80 0.359
PDF: 1.500 9.80 0.168
PDF: 1.600 9.80 0.064
PDF: 1.700 9.80 0.020
PDF: 1.800 9.80 0.005
PDF: 1.900 9.80 0.001
PDF: 2.000 9.80 0.000
PDF: 2.100 9.80 0.000
PDF: 2.200 9.80 0.000
PDF: 2.300 9.80 0.000
PDF: 2.400 9.80 0.000
PDF: 2.500 9.80 0.000
PDF: 2.600 9.80 0.000
PDF: 2.700 9.80 0.000
PDF: 2.800 9.80 0.000
PDF: 2.900 9.80 0.000
PDF: 3.000 9.80 0.000
PDF: 3.100 9.80 0.000
PDF: 3.200 9.80 0.000
PDF: 3.300 9.80 0.000
PDF: 3.400 9.80 0.000
PDF: 3.500 9.80 0.000
PDF: 3.600 9.80 0.000
PDF: 3.700 9.80 0.000
PDF: 3.800 9.80 0.000
PDF: 3.900 9.80 0.000
PDF: 4.000 9.80 0.000
PDF: 4.100 9.80 0.000
PDF: 4.200 9.80 0.000
PDF: 4.300 9.80 0.000
PDF: 4.400 9.80 0.000
PDF: 4.500 9.80 0.000
PDF: 4.600 9.80 0.000
PDF: 4.700 9.80 0.000
PDF: 4.800 9.80 0.000
PDF: 4.900 9.80 0.000
PDF: -5.000 10.00 0.000
PDF: -4.900 10.00 0.000
PDF: -4.800 10.00 0.000
PDF: -4.700 10.00 0.000
PDF: -4.600 10.00 0.000
PDF: -4.500 10.00 0.000
PDF: -4.400 10.00 0.001
PDF: -4.300 10.00 0.001
PDF: -4.200 10.00 0.001
PDF: -4.100 10.00 0.001
PDF: -4.000 10.00 0.002
PDF: -3.900 10.00 0.002
PDF: -3.800 10.00 0.003
PDF: -3.700 10.00 0.003
PDF: -3.600 10.00 0.004
PDF: -3.500 10.00 0.005
PDF: -3.400 10.00 0.007
PDF: -3.300 10.00 0.009
PDF: -3.200 10.00 0.011
PDF: -3.100 10.00 0.013
PDF: -3.000 10.00 0.016
PDF: -2.900 10.00 0.020
PDF: -2.800 10.00 0.024
PDF: -2.700 10.00 0.029
PDF: -2.600 10.00 0.035
PDF: -2.500 10.00 0.042
PDF: -2.400 10.00 0.050
PDF: -2.300 10.00 0.060
PDF: -2.200 10.00 0.070
PDF: -2.100 10.00 0.083
PDF: -2.000 10.00 0.097
PDF: -1.900 10.00 0.112
PDF: -1.800 10.00 0.130
PDF: -1.700 10.00 0.150
PDF: -1.600 10.00 0.172
PDF: -1.500 10.00 0.196
PDF: -1.400 10.00 0.222
PDF: -1.300 10.00 0.250
PDF: -1.200 10.00 0.281
PDF: -1.100 10.00 0.314
PDF: -1.000 10.00 0.349
PDF: -0.900 10.00 0.386
PDF: -0.800 10.00 0.425
PDF: -0.700 10.00 0.465
PDF: -0.600 10.00 0.506
PDF: -0.500 10.00 0.549
PDF: -0.400 10.00 0.592
PDF: -0.300 10.00 0.635
PDF: -0.200 10.00 0.677
PDF: -0.100 10.00 0.720
PDF: -0.000 10.00 0.760
PDF: 0.100 10.00 0.799
PDF: 0.200 10.00 0.836
PDF: 0.300 10.00 0.870
PDF: 0.400 10.00 0.901
PDF: 0.500 10.00 0.929
PDF: 0.600 10.00 0.952
PDF: 0.700 10.00 0.971
PDF: 0.800 10.00 0.986
PDF: 0.900 10.00 0.995
PDF: 1.000 10.00 1.000
PDF: 1.100 10.00 0.976
PDF: 1.200 10.00 0.832
PDF: 1.300 10.00 0.611
PDF: 1.400 10.00 0.387
PDF: 1.500 10.00 0.211
PDF: 1.600 10.00 0.099
PDF: 1.700 10.00 0.040
PDF: 1.800 10.00 0.014
PDF: 1.900 10.00 0.004
PDF: 2.000 10.00 0.001
PDF: 2.100 10.00 0.000
PDF: 2.200 10.00 0.000
PDF: 2.300 10.00 0.000
PDF: 2.400 10.00 0.000
PDF: 2.500 10.00 0.000
PDF: 2.600 10.00 0.000
PDF: 2.700 10.00 0.000
PDF: 2.800 10.00 0.000
PDF: 2.900 10.00 0.000
PDF: 3.000 10.00 0.000
PDF: 3.100 10.00 0.000
PDF: 3.200 10.00 0.000
PDF: 3.300 10.00 0.000
PDF: 3.400 10.00 0.000
PDF: 3.500 10.00 0.000
PDF: 3.600 10.00 0.000
PDF: 3.700 10.00 0.000
PDF: 3.800 10.00 0.000
PDF: 3.900 10.00 0.000
PDF: 4.000 10.00 0.000
PDF: 4.100 10.00 0.000
PDF: 4.200 10.00 0.000
PDF: 4.300 10.00 0.000
PDF: 4.400 10.00 0.000
PDF: 4.500 10.00 0.000
PDF: 4.600 10.00 0.000
PDF: 4.700 10.00 0.000
PDF: 4.800 10.00 0.000
PDF: 4.900 10.00 0.000
PDF: -5.000 10.20 0.000
PDF: -4.900 10.20 0.000
PDF: -4.800 10.20 0.000
PDF: -4.700 10.20 0.000
PDF: -4.600 10.20 0.001
PDF: -4.500 10.20 0.001
PDF: -4.400 10.20 0.001
PDF: -4.300 10.20 0.001
PDF: -4.200 10.20 0.002
PDF: -4.100 10.20 0.002
PDF: -4.000 10.20 0.002
PDF: -3.900 10.20 0.003
PDF: -3.800 10.20 0.004
PDF: -3.700 10.20 0.005
PDF: -3.600 10.20 0.006
PDF: -3.500 10.20 0.008
PDF: -3.400 10.20 0.010
PDF: -3.300 10.20 0.012
PDF: -3.200 10.20 0.015
PDF: -3.100 10.20 0.018
PDF: -3.000 10.20 0.022
PDF: -2.900 10.20 0.026
PDF: -2.800 10.20 0.032
PDF: -2.700 10.20 0.038
PDF: -2.600 10.20 0.045
PDF: -2.500 10.20 0.054
PDF: -2.400 10.20 0.063
PDF: -2.300 10.20 0.075
PDF: -2.200 10.20 0.087
PDF: -2.100 10.20 0.101
PDF: -2.000 10.20 0.118
PDF: -1.900 10.20 0.135
PDF: -1.800 10.20 0.155
PDF: -1.700 10.20 0.177
PDF: -1.600 10.20 0.201
PDF: -1.500 10.20 0.228
PDF: -1.400 10.20 0.256
PDF: -1.300 10.20 0.287
PDF: -1.200 10.20 0.319
PDF: -1.100 10.20 0.354
PDF: -1.000 10.20 0.390
PDF: -0.900 10.20 0.428
PDF: -0.800 10.20 0.468
PDF: -0.700 10.20 0.509
PDF: -0.600 10.20 0.551
PDF: -0.500 10.20 0.593
PDF: -0.400 10.20 0.635
PDF: -0.300 10.20 0.677
PDF: -0.200 10.20 0.718
PDF: -0.100 10.20 0.759
PDF: -0.000 10.20 0.797
PDF: 0.100 10.20 0.833
PDF: 0.200 10.20 0.867
PDF: 0.300 10.20 0.898
PDF: 0.400 10.20 0.926
PDF: 0.500 10.20 0.949
PDF: 0.600 10.20 0.969
PDF: 0.700 10.20 0.984
PDF: 0.800 10.20 0.994
PDF: 0.900 10.20 1.000
PDF: 1.000 10.20 0.996
PDF: 1.100 10.20 0.915
PDF: 1.200 10.20 0.757
PDF: 1.300 10.20 0.564
PDF: 1.400 10.20 0.379
PDF: 1.500 10.20 0.230
PDF: 1.600 10.20 0.125
PDF: 1.700 10.20 0.062
PDF: 1.800 10.20 0.027
PDF: 1.900 10.20 0.011
PDF: 2.000 10.20 0.004
PDF: 2.100 10.20 0.001
PDF: 2.200 10.20 0.000
PDF: 2.300 10.20 0.000
PDF: 2.400 10.20 0.000
PDF: 2.500 10.20 0.000
PDF: 2.600 10.20 0.000
PDF: 2.700 10.20 0.000
PDF: 2.800 10.20 0.000
PDF: 2.900 10.20 0.000
PDF: 3.000 10.20 0.000
PDF: 3.100 10.20 0.000
PDF: 3.200 10.20 0.000
PDF: 3.300 10.20 0.000
PDF: 3.400 10.20 0.000
PDF: 3.500 10.20 0.000
PDF: 3.600 10.20 0.000
PDF: 3.700 10.20 0.000
PDF: 3.800 10.20 0.000
PDF: 3.900 10.20 0.000
PDF: 4.000 10.20 0.000
PDF: 4.100 10.20 0.000
PDF: 4.200 10.20 0.000
PDF: 4.300 10.20 0.000
PDF: 4.400 10.20 0.000
PDF: 4.500 10.20 0.000
PDF: 4.600 10.20 0.000
PDF: 4.700 10.20 0.000
PDF: 4.800 10.20 0.000
PDF: 4.900 10.20 0.000
PDF: -5.000 10.40 0.001
PDF: -4.900 10.40 0.002
PDF: -4.800 10.40 0.002
PDF: -4.700 10.40 0.003
PDF: -4.600 10.40 0.003
PDF: -4.500 10.40 0.004
PDF: -4.400 10.40 0.005
PDF: -4.300 10.40 0.006
PDF: -4.200 10.40 0.008
PDF: -4.100 10.40 0.009
PDF: -4.000 10.40 0.011
PDF: -3.900 10.40 0.013
PDF: -3.800 10.40 0.016
PDF: -3.700 10.40 0.019
PDF: -3.600 10.40 0.022
PDF: -3.500 10.40 0.026
PDF: -3.400 10.40 0.031
PDF: -3.300 10.40 0.036
PDF: -3.200 10.40 0.042
PDF: -3.100 10.40 0.049
PDF: -3.000 10.40 0.056
PDF: -2.900 10.40 0.065
PDF: -2.800 10.40 0.075
PDF: -2.700 10.40 0.086
PDF: -2.600 10.40 0.098
PDF: -2.500 10.40 0.111
PDF: -2.400 10.40 0.126
PDF: -2.300 10.40 0.142
PDF: -2.200 10.40 0.160
PDF: -2.100 10.40 0.179
PDF: -2.000 10.40 0.200
PDF: -1.900 10.40 0.223
PDF: -1.800 10.40 0.247
PDF: -1.700 10.40 0.273
PDF: -1.600 10.40 0.300
PDF: -1.500 10.40 0.329
PDF: -1.400 10.40 0.360
PDF: -1.300 10.40 0.391
PDF: -1.200 10.40 0.424
PDF: -1.100 10.40 0.459
PDF: -1.000 10.40 0.494
PDF: -0.900 10.40 0.529
PDF: -0.800 10.40 0.566
PDF: -0.700 10.40 0.602
PDF: -0.600 10.40 0.639
PDF: -0.500 10.40 0.675
PDF: -0.400 10.40 0.711
PDF: -0.300 10.40 0.746
PDF: -0.200 10.40 0.780
PDF: -0.100 10.40 0.813
PDF: -0.000 10.40 0.844
PDF: 0.100 10.40 0.872
PDF: 0.200 10.40 0.899
PDF: 0.300 10.40 0.923
PDF: 0.400 10.40 0.944
PDF: 0.500 10.40 0.962
PDF: 0.600 10.40 0.976
PDF: 0.700 10.40 0.988
PDF: 0.800 10.40 0.996
PDF: 0.900 10.40 1.000
PDF: 1.000 10.40 0.995
PDF: 1.100 10.40 0.910
PDF: 1.200 10.40 0.748
PDF: 1.300 10.40 0.552
PDF: 1.400 10.40 0.366
PDF: 1.500 10.40 0.218
PDF: 1.600 10.40 0.117
PDF: 1.700 10.40 0.056
PDF: 1.800 10.40 0.024
PDF: 1.900 10.40 0.009
PDF: 2.000 10.40 0.003
PDF: 2.100 10.40 0.001
PDF: 2.200 10.40 0.000
PDF: 2.300 10.40 0.000
PDF: 2.400 10.40 0.000
PDF: 2.500 10.40 0.000
PDF: 2.600 10.40 0.000
PDF: 2.700 10.40 0.000
PDF: 2.800 10.40 0.000
PDF: 2.900 10.40 0.000
PDF: 3.000 10.40 0.000
PDF: 3.100 10.40 0.000
PDF: 3.200 10.40 0.000
PDF: 3.300 10.40 0.000
PDF: 3.400 10.40 0.000
PDF: 3.500 10.40 0.000
PDF: 3.600 10.40 0.000
PDF: 3.700 10.40 0.000
PDF: 3.800 10.40 0.000
PDF: 3.900 10.40 0.000
PDF: 4.000 10.40 0.000
PDF: 4.100 10.40 0.000
PDF: 4.200 10.40 0.000
PDF: 4.300 10.40 0.000
PDF: 4.400 10.40 0.000
PDF: 4.500 10.40 0.000
PDF: 4.600 10.40 0.000
PDF: 4.700 10.40 0.000
PDF: 4.800 10.40 0.000
PDF: 4.900 10.40 0.000
PDF: -5.000 10.60 0.002
PDF: -4.900 10.60 0.002
PDF: -4.800 10.60 0.003
PDF: -4.700 10.60 0.003
PDF: -4.600 10.60 0.004
PDF: -4.500 10.60 0.005
PDF: -4.400 10.60 0.006
PDF: -4.300 10.60 0.007
PDF: -4.200 10.60 0.009
PDF: -4.100 10.60 0.011
PDF: -4.000 10.60 0.013
PDF: -3.900 10.60 0.016
PDF: -3.800 10.60 0.019
PDF: -3.700 10.60 0.023
PDF: -3.600 10.60 0.027
PDF: -3.500 10.60 0.032
PDF: -3.400 10.60 0.038
PDF: -3.300 10.60 0.044
PDF: -3.200 10.60 0.052
PDF: -3.100 10.60 0.060
PDF: -3.000 10.60 0.070
PDF: -2.900 10.60 0.081
PDF: -2.800 10.60 0.093
PDF: -2.700 10.60 0.106
PDF: -2.600 10.60 0.121
PDF: -2.500 10.60 0.138
PDF: -2.400 10.60 0.156
PDF: -2.300 10.60 0.176
PDF: -2.200 10.60 0.198
PDF: -2.100 10.60 0.221
PDF: -2.000 10.60 0.246
PDF: -1.900 10.60 0.273
PDF: -1.800 10.60 0.302
PDF: -1.700 10.60 0.332
PDF: -1.600 10.60 0.364
PDF: -1.500 10.60 0.398
PDF: -1.400 10.60 0.433
PDF: -1.300 10.60 0.469
PDF: -1.200 10.60 0.506
PDF: -1.100 10.60 0.544
PDF: -1.000 10.60 0.582
PDF: -0.900 10.60 0.620
PDF: -0.800 10.60 0.659
PDF: -0.700 10.60 0.696
PDF: -0.600 10.60 0.734
PDF: -0.500 10.60 0.770
PDF: -0.400 10.60 0.804
PDF: -0.300 10.60 0.837
PDF: -0.200 10.60 0.867
PDF: -0.100 10.60 0.895
PDF: -0.000 10.60 0.921
PDF: 0.100 10.60 0.943
PDF: 0.200 10.60 0.962
PDF: 0.300 10.60 0.977
PDF: 0.400 10.60 0.989
PDF: 0.500 10.60 0.996
PDF: 0.600 10.60 1.000
PDF: 0.700 10.60 0.993
PDF: 0.800 10.60 0.944
PDF: 0.900 10.60 0.857
PDF: 1.000 10.60 0.741
PDF: 1.100 10.60 0.612
PDF: 1.200 10.60 0.482
PDF: 1.300 10.60 0.362
PDF: 1.400 10.60 0.259
PDF: 1.500 10.60 0.177
PDF: 1.600 10.60 0.116
PDF: 1.700 10.60 0.072
PDF: 1.800 10.60 0.043
PDF: 1.900 10.60 0.024
PDF: 2.000 10.60 0.013
PDF: 2.100 10.60 0.007
PDF: 2.200 10.60 0.003
PDF: 2.300 10.60 0.002
PDF: 2.400 10.60 0.001
PDF: 2.500 10.60 0.000
PDF: 2.600 10.60 0.000
PDF: 2.700 10.60 0.000
PDF: 2.800 10.60 0.000
PDF: 2.900 10.60 0.000
PDF: 3.000 10.60 0.000
PDF: 3.100 10.60 0.000
PDF: 3.200 10.60 0.000
PDF: 3.300 10.60 0.000
PDF: 3.400 10.60 0.000
PDF: 3.500 10.60 0.000
PDF: 3.600 10.60 0.000
PDF: 3.700 10.60 0.000
PDF: 3.800 10.60 0.000
PDF: 3.900 10.60 0.000
PDF: 4.000 10.60 0.000
PDF: 4.100 10.60 0.000
PDF: 4.200 10.60 0.000
PDF: 4.300 10.60 0.000
PDF: 4.400 10.60 0.000
PDF: 4.500 10.60 0.000
PDF: 4.600 10.60 0.000
PDF: 4.700 10.60 0.000
PDF: 4.800 10.60 0.000
PDF: 4.900 10.60 0.000
PDF: -5.000 10.80 0.002
PDF: -4.900 10.80 0.003
PDF: -4.800 10.80 0.003
PDF: -4.700 10.80 0.004
PDF: -4.600 10.80 0.005
PDF: -4.500 10.80 0.006
PDF: -4.400 10.80 0.008
PDF: -4.300 10.80 0.010
PDF: -4.200 10.80 0.012
PDF: -4.100 10.80 0.014
PDF: -4.000 10.80 0.017
PDF: -3.900 10.80 0.021
PDF: -3.800 10.80 0.025
PDF: -3.700 10.80 0.029
PDF: -3.600 10.80 0.035
PDF: -3.500 10.80 0.041
PDF: -3.400 10.80 0.048
PDF: -3.300 10.80 0.057
PDF: -3.200 10.80 0.066
PDF: -3.100 10.80 0.076
PDF: -3.000 10.80 0.088
PDF: -2.900 10.80 0.102
PDF: -2.800 10.80 0.117
PDF: -2.700 10.80 0.133
PDF: -2.600 10.80 0.151
PDF: -2.500 10.80 0.171
PDF: -2.400 10.80 0.193
PDF: -2.300 10.80 0.216
PDF: -2.200 10.80 0.242
PDF: -2.100 10.80 0.269
PDF: -2.000 10.80 0.298
PDF: -1.900 10.80 0.329
PDF: -1.800 10.80 0.362
PDF: -1.700 10.80 0.396
PDF: -1.600 10.80 0.432
PDF: -1.500 10.80 0.469
PDF: -1.400 10.80 0.506
PDF: -1.300 10.80 0.545
PDF: -1.200 10.80 0.584
PDF: -1.100 10.80 0.623
PDF: -1.000 10.80 0.662
PDF: -0.900 10.80 0.701
PDF: -0.800 10.80 0.739
PDF: -0.700 10.80 0.775
PDF: -0.600 10.80 0.810
PDF: -0.500 10.80 0.843
PDF: -0.400 10.80 0.874
PDF: -0.300 10.80 0.902
PDF: -0.200 10.80 0.927
PDF: -0.100 10.80 0.949
PDF: -0.000 10.80 0.967
PDF: 0.100 10.80 0.981
PDF: 0.200 10.80 0.992
PDF: 0.300 10.80 0.998
PDF: 0.400 10.80 1.000
PDF: 0.500 10.80 0.987
PDF: 0.600 10.80 0.949
PDF: 0.700 10.80 0.888
PDF: 0.800 10.80 0.810
PDF: 0.900 10.80 0.719
PDF: 1.000 10.80 0.622
PDF: 1.100 10.80 0.524
PDF: 1.200 10.80 0.430
PDF: 1.300 10.80 0.343
PDF: 1.400 10.80 0.267
PDF: 1.500 10.80 0.202
PDF: 1.600 10.80 0.149
PDF: 1.700 10.80 0.107
PDF: 1.800 10.80 0.075
PDF: 1.900 10.80 0.051
PDF: 2.000 10.80 0.034
PDF: 2.100 10.80 0.022
PDF: 2.200 10.80 0.014
PDF: 2.300 10.80 0.008
PDF: 2.400 10.80 0.005
PDF: 2.500 10.80 0.003
PDF: 2.600 10.80 0.002
PDF: 2.700 10.80 0.001
PDF: 2.800 10.80 0.000
PDF: 2.900 10.80 0.000
PDF: 3.000 10.80 0.000
PDF: 3.100 10.80 0.000
PDF: 3.200 10.80 0.000
PDF: 3.300 10.80 0.000
PDF: 3.400 10.80 0.000
PDF: 3.500 10.80 0.000
PDF: 3.600 10.80 0.000
PDF: 3.700 10.80 0.000
PDF: 3.800 10.80 0.000
PDF: 3.900 10.80 0.000
PDF: 4.000 10.80 0.000
PDF: 4.100 10.80 0.000
PDF: 4.200 10.80 0.000
PDF: 4.300 10.80 0.000
PDF: 4.400 10.80 0.000
PDF: 4.500 10.80 0.000
PDF: 4.600 10.80 0.000
PDF: 4.700 10.80 0.000
PDF: 4.800 10.80 0.000
PDF: 4.900 10.80 0.000
PDF: -5.000 11.00 0.002
PDF: -4.900 11.00 0.002
PDF: -4.800 11.00 0.003
PDF: -4.700 11.00 0.004
PDF: -4.600 11.00 0.005
PDF: -4.500 11.00 0.006
PDF: -4.400 11.00 0.008
PDF: -4.300 11.00 0.010
PDF: -4.200 11.00 0.012
PDF: -4.100 11.00 0.015
PDF: -4.000 11.00 0.018
PDF: -3.900 11.00 0.022
PDF: -3.800 11.00 0.027
PDF: -3.700 11.00 0.032
PDF: -3.600 11.00 0.039
PDF: -3.500 11.00 0.046
PDF: -3.400 11.00 0.055
PDF: -3.300 11.00 0.065
PDF: -3.200 11.00 0.076
PDF: -3.100 11.00 0.090
PDF: -3.000 11.00 0.104
PDF: -2.900 11.00 0.121
PDF: -2.800 11.00 0.140
PDF: -2.700 11.00 0.160
PDF: -2.600 11.00 0.183
PDF: -2.500 11.00 0.208
PDF: -2.400 11.00 0.236
PDF: -2.300 11.00 0.265
PDF: -2.200 11.00 0.297
PDF: -2.100 11.00 0.331
PDF: -2.000 11.00 0.367
PDF: -1.900 11.00 0.405
PDF: -1.800 11.00 0.444
PDF: -1.700 11.00 0.485
PDF: -1.600 11.00 0.527
PDF: -1.500 11.00 0.570
PDF: -1.400 11.00 0.613
PDF: -1.300 11.00 0.655
PDF: -1.200 11.00 0.698
PDF: -1.100 11.00 0.739
PDF: -1.000 11.00 0.779
PDF: -0.900 11.00 0.817
PDF: -0.800 11.00 0.853
PDF: -0.700 11.00 0.885
PDF: -0.600 11.00 0.915
PDF: -0.500 11.00 0.940
PDF: -0.400 11.00 0.961
PDF: -0.300 11.00 0.978
PDF: -0.200 11.00 0.990
PDF: -0.100 11.00 0.998
PDF: -0.000 11.00 1.000
PDF: 0.100 11.00 0.994
PDF: 0.200 11.00 0.975
PDF: 0.300 11.00 0.947
PDF: 0.400 11.00 0.908
PDF: 0.500 11.00 0.860
PDF: 0.600 11.00 0.806
PDF: 0.700 11.00 0.746
PDF: 0.800 11.00 0.682
PDF: 0.900 11.00 0.616
PDF: 1.000 11.00 0.551
PDF: 1.100 11.00 0.486
PDF: 1.200 11.00 0.424
PDF: 1.300 11.00 0.366
PDF: 1.400 11.00 0.312
PDF: 1.500 11.00 0.262
PDF: 1.600 11.00 0.218
PDF: 1.700 11.00 0.180
PDF: 1.800 11.00 0.146
PDF: 1.900 11.00 0.117
PDF: 2.000 11.00 0.093
PDF: 2.100 11.00 0.073
PDF: 2.200 11.00 0.057
PDF: 2.300 11.00 0.043
PDF: 2.400 11.00 0.033
PDF: 2.500 11.00 0.025
PDF: 2.600 11.00 0.018
PDF: 2.700 11.00 0.013
PDF: 2.800 11.00 0.010
PDF: 2.900 11.00 0.007
PDF: 3.000 11.00 0.005
PDF: 3.100 11.00 0.003
PDF: 3.200 11.00 0.002
PDF: 3.300 11.00 0.002
PDF: 3.400 11.00 0.001
PDF: 3.500 11.00 0.001
PDF: 3.600 11.00 0.000
PDF: 3.700 11.00 0.000
PDF: 3.800 11.00 0.000
PDF: 3.900 11.00 0.000
PDF: 4.000 11.00 0.000
PDF: 4.100 11.00 0.000
PDF: 4.200 11.00 0.000
PDF: 4.300 11.00 0.000
PDF: 4.400 11.00 0.000
PDF: 4.500 11.00 0.000
PDF: 4.600 11.00 0.000
PDF: 4.700 11.00 0.000
PDF: 4.800 11.00 0.000
PDF: 4.900 11.00 0.000
PDF: -5.000 11.20 0.001
PDF: -4.900 11.20 0.001
PDF: -4.800 11.20 0.001
PDF: -4.700 11.20 0.002
PDF: -4.600 11.20 0.002
PDF: -4.500 11.20 0.003
PDF: -4.400 11.20 0.004
PDF: -4.300 11.20 0.005
PDF: -4.200 11.20 0.007
PDF: -4.100 11.20 0.009
PDF: -4.000 11.20 0.011
PDF: -3.900 11.20 0.015
PDF: -3.800 11.20 0.019
PDF: -3.700 11.20 0.023
PDF: -3.600 11.20 0.029
PDF: -3.500 11.20 0.037
PDF: -3.400 11.20 0.045
PDF: -3.300 11.20 0.055
PDF: -3.200 11.20 0.067
PDF: -3.100 11.20 0.082
PDF: -3.000 11.20 0.098
PDF: -2.900 11.20 0.117
PDF: -2.800 11.20 0.138
PDF: -2.700 11.20 0.163
PDF: -2.600 11.20 0.190
PDF: -2.500 11.20 0.221
PDF: -2.400 11.20 0.254
PDF: -2.300 11.20 0.291
PDF: -2.200 11.20 0.330
PDF: -2.100 11.20 0.373
PDF: -2.000 11.20 0.418
PDF: -1.900 11.20 0.465
PDF: -1.800 11.20 0.513
PDF: -1.700 11.20 0.563
PDF: -1.600 11.20 0.614
PDF: -1.500 11.20 0.664
PDF: -1.400 11.20 0.714
PDF: -1.300 11.20 0.762
PDF: -1.200 11.20 0.807
PDF: -1.100 11.20 0.850
PDF: -1.000 11.20 0.888
PDF: -0.900 11.20 0.922
PDF: -0.800 11.20 0.950
PDF: -0.700 11.20 0.972
PDF: -0.600 11.20 0.988
PDF: -0.500 11.20 0.998
PDF: -0.400 11.20 1.000
PDF: -0.300 11.20 0.995
PDF: -0.200 11.20 0.984
PDF: -0.100 11.20 0.965
PDF: -0.000 11.20 0.940
PDF: 0.100 11.20 0.909
PDF: 0.200 11.20 0.873
PDF: 0.300 11.20 0.832
PDF: 0.400 11.20 0.787
PDF: 0.500 11.20 0.740
PDF: 0.600 11.20 0.690
PDF: 0.700 11.20 0.639
PDF: 0.800 11.20 0.588
PDF: 0.900 11.20 0.537
PDF: 1.000 11.20 0.486
PDF: 1.100 11.20 0.438
PDF: 1.200 11.20 0.391
PDF: 1.300 11.20 0.347
PDF: 1.400 11.20 0.306
PDF: 1.500 11.20 0.267
PDF: 1.600 11.20 0.232
PDF: 1.700 11.20 0.200
PDF: 1.800 11.20 0.171
PDF: 1.900 11.20 0.145
PDF: 2.000 11.20 0.123
PDF: 2.100 11.20 0.103
PDF: 2.200 11.20 0.085
PDF: 2.300 11.20 0.070
PDF: 2.400 11.20 0.058
PDF: 2.500 11.20 0.047
PDF: 2.600 11.20 0.038
PDF: 2.700 11.20 0.030
PDF: 2.800 11.20 0.024
PDF: 2.900 11.20 0.019
PDF: 3.000 11.20 0.015
PDF: 3.100 11.20 0.012
PDF: 3.200 11.20 0.009
PDF: 3.300 11.20 0.007
PDF: 3.400 11.20 0.005
PDF: 3.500 11.20 0.004
PDF: 3.600 11.20 0.003
PDF: 3.700 11.20 0.002
PDF: 3.800 11.20 0.002
PDF: 3.900 11.20 0.001
PDF: 4.000 11.20 0.001
PDF: 4.100 11.20 0.001
PDF: 4.200 11.20 0.000
PDF: 4.300 11.20 0.000
PDF: 4.400 11.20 0.000
PDF: 4.500 11.20 0.000
PDF: 4.600 11.20 0.000
PDF: 4.700 11.20 0.000
PDF: 4.800 11.20 0.000
PDF: 4.900 11.20 0.000
PDF: -5.000 11.40 0.000
PDF: -4.900 11.40 0.000
PDF: -4.800 11.40 0.000
PDF: -4.700 11.40 0.000
PDF: -4.600 11.40 0.001
PDF: -4.500 11.40 0.001
PDF: -4.400 11.40 0.001
PDF: -4.300 11.40 0.002
PDF: -4.200 11.40 0.003
PDF: -4.100 11.40 0.004
PDF: -4.000 11.40 0.005
PDF: -3.900 11.40 0.007
PDF: -3.800 11.40 0.010
PDF: -3.700 11.40 0.013
PDF: -3.600 11.40 0.018
PDF: -3.500 11.40 0.023
PDF: -3.400 11.40 0.031
PDF: -3.300 11.40 0.040
PDF: -3.200 11.40 0.052
PDF: -3.100 11.40 0.066
PDF: -3.000 11.40 0.083
PDF: -2.900 11.40 0.104
PDF: -2.800 11.40 0.128
PDF: -2.700 11.40 0.157
PDF: -2.600 11.40 0.190
PDF: -2.500 11.40 0.227
PDF: -2.400 11.40 0.269
PDF: -2.300 11.40 0.316
PDF: -2.200 11.40 0.367
PDF: -2.100 11.40 0.422
PDF: -2.000 11.40 0.480
PDF: -1.900 11.40 0.540
PDF: -1.800 11.40 0.601
PDF: -1.700 11.40 0.663
PDF: -1.600 11.40 0.723
PDF: -1.500 11.40 0.781
PDF: -1.400 11.40 0.835
PDF: -1.300 11.40 0.883
PDF: -1.200 11.40 0.924
PDF: -1.100 11.40 0.957
PDF: -1.000 11.40 0.981
PDF: -0.900 11.40 0.996
PDF: -0.800 11.40 1.000
PDF: -0.700 11.40 0.997
PDF: -0.600 11.40 0.988
PDF: -0.500 11.40 0.975
PDF: -0.400 11.40 0.956
PDF: -0.300 11.40 0.933
PDF: -0.200 11.40 0.905
PDF: -0.100 11.40 0.874
PDF: -0.000 11.40 0.839
PDF: 0.100 11.40 0.802
PDF: 0.200 11.40 0.761
PDF: 0.300 11.40 0.719
PDF: 0.400 11.40 0.676
PDF: 0.500 11.40 0.632
PDF: 0.600 11.40 0.588
PDF: 0.700 11.40 0.544
PDF: 0.800 11.40 0.500
PDF: 0.900 11.40 0.458
PDF: 1.000 11.40 0.416
PDF: 1.100 11.40 0.377
PDF: 1.200 11.40 0.339
PDF: 1.300 11.40 0.304
PDF: 1.400 11.40 0.271
PDF: 1.500 11.40 0.240
PDF: 1.600 11.40 0.211
PDF: 1.700 11.40 0.185
PDF: 1.800 11.40 0.162
PDF: 1.900 11.40 0.140
PDF: 2.000 11.40 0.121
PDF: 2.100 11.40 0.104
PDF: 2.200 11.40 0.089
PDF: 2.300 11.40 0.075
PDF: 2.400 11.40 0.064
PDF: 2.500 11.40 0.053
PDF: 2.600 11.40 0.045
PDF: 2.700 11.40 0.037
PDF: 2.800 11.40 0.031
PDF: 2.900 11.40 0.025
PDF: 3.000 11.40 0.021
PDF: 3.100 11.40 0.017
PDF: 3.200 11.40 0.014
PDF: 3.300 11.40 0.011
PDF: 3.400 11.40 0.009
PDF: 3.500 11.40 0.007
PDF: 3.600 11.40 0.005
PDF: 3.700 11.40 0.004
PDF: 3.800 11.40 0.003
PDF: 3.900 11.40 0.003
PDF: 4.000 11.40 0.002
PDF: 4.100 11.40 0.002
PDF: 4.200 11.40 0.001
PDF: 4.300 11.40 0.001
PDF: 4.400 11.40 0.001
PDF: 4.500 11.40 0.001
PDF: 4.600 11.40 0.000
PDF: 4.700 11.40 0.000
PDF: 4.800 11.40 0.000
PDF: 4.900 11.40 0.000
PDF: -5.000 11.60 0.000
PDF: -4.900 11.60 0.000
PDF: -4.800 11.60 0.000
PDF: -4.700 11.60 0.000
PDF: -4.600 11.60 0.000
PDF: -4.500 11.60 0.000
PDF: -4.400 11.60 0.000
PDF: -4.300 11.60 0.001
PDF: -4.200 11.60 0.001
PDF: -4.100 11.60 0.002
PDF: -4.000 11.60 0.003
PDF: -3.900 11.60 0.004
PDF: -3.800 11.60 0.005
PDF: -3.700 11.60 0.008
PDF: -3.600 11.60 0.011
PDF: -3.500 11.60 0.015
PDF: -3.400 11.60 0.021
PDF: -3.300 11.60 0.029
PDF: -3.200 11.60 0.039
PDF: -3.100 11.60 0.052
PDF: -3.000 11.60 0.068
PDF: -2.900 11.60 0.087
PDF: -2.800 11.60 0.112
PDF: -2.700 11.60 0.141
PDF: -2.600 11.60 0.175
PDF: -2.500 11.60 0.215
PDF: -2.400 11.60 0.261
PDF: -2.300 11.60 0.313
PDF: -2.200 11.60 0.370
PDF: -2.100 11.60 0.431
PDF: -2.000 11.60 0.497
PDF: -1.900 11.60 0.565
PDF: -1.800 11.60 0.634
PDF: -1.700 11.60 0.702
PDF: -1.600 11.60 0.768
PDF: -1.500 11.60 0.829
PDF: -1.400 11.60 0.883
PDF: -1.300 11.60 0.929
PDF: -1.200 11.60 0.964
PDF: -1.100 11.60 0.988
PDF: -1.000 11.60 1.000
PDF: -0.900 11.60 1.000
PDF: -0.800 11.60 0.995
PDF: -0.700 11.60 0.984
PDF: -0.600 11.60 0.969
PDF: -0.500 11.60 0.949
PDF: -0.400 11.60 0.925
PDF: -0.300 11.60 0.898
PDF: -0.200 11.60 0.866
PDF: -0.100 11.60 0.832
PDF: -0.000 11.60 0.795
PDF: 0.100 11.60 0.756
PDF: 0.200 11.60 0.715
PDF: 0.300 11.60 0.673
PDF: 0.400 11.60 0.630
PDF: 0.500 11.60 0.587
PDF: 0.600 11.60 0.545
PDF: 0.700 11.60 0.503
PDF: 0.800 11.60 0.461
PDF: 0.900 11.60 0.421
PDF: 1.000 11.60 0.383
PDF: 1.100 11.60 0.346
PDF: 1.200 11.60 0.312
PDF: 1.300 11.60 0.279
PDF: 1.400 11.60 0.249
PDF: 1.500 11.60 0.220
PDF: 1.600 11.60 0.194
PDF: 1.700 11.60 0.171
PDF: 1.800 11.60 0.149
PDF: 1.900 11.60 0.129
PDF: 2.000 11.60 0.112
PDF: 2.100 11.60 0.096
PDF: 2.200 11.60 0.082
PDF: 2.300 11.60 0.070
PDF: 2.400 11.60 0.059
PDF: 2.500 11.60 0.050
PDF: 2.600 11.60 0.042
PDF: 2.700 11.60 0.035
PDF: 2.800 11.60 0.029
PDF: 2.900 11.60 0.024
PDF: 3.000 11.60 0.020
PDF: 3.100 11.60 0.016
PDF: 3.200 11.60 0.013
PDF: 3.300 11.60 0.011
PDF: 3.400 11.60 0.009
PDF: 3.500 11.60 0.007
PDF: 3.600 11.60 0.006
PDF: 3.700 11.60 0.004
PDF: 3.800 11.60 0.003
PDF: 3.900 11.60 0.003
PDF: 4.000 11.60 0.002
PDF: 4.100 11.60 0.002
PDF: 4.200 11.60 0.001
PDF: 4.300 11.60 0.001
PDF: 4.400 11.60 0.001
PDF: 4.500 11.60 0.001
PDF: 4.600 11.60 0.000
PDF: 4.700 11.60 0.000
PDF: 4.800 11.60 0.000
PDF: 4.900 11.60 0.000
PDF: -5.000 11.80 0.000
PDF: -4.900 11.80 0.000
PDF: -4.800 11.80 0.000
PDF: -4.700 11.80 0.000
PDF: -4.600 11.80 0.001
PDF: -4.500 11.80 0.001
PDF: -4.400 11.80 0.001
PDF: -4.300 11.80 0.002
PDF: -4.200 11.80 0.003
PDF: -4.100 11.80 0.004
PDF: -4.000 11.80 0.005
PDF: -3.900 11.80 0.008
PDF: -3.800 11.80 0.011
PDF: -3.700 11.80 0.014
PDF: -3.600 11.80 0.020
PDF: -3.500 11.80 0.026
PDF: -3.400 11.80 0.035
PDF: -3.300 11.80 0.046
PDF: -3.200 11.80 0.060
PDF: -3.100 11.80 0.077
PDF: -3.000 11.80 0.098
PDF: -2.900 11.80 0.123
PDF: -2.800 11.80 0.152
PDF: -2.700 11.80 0.186
PDF: -2.600 11.80 0.225
PDF: -2.500 11.80 0.270
PDF: -2.400 11.80 0.319
PDF: -2.300 11.80 0.374
PDF: -2.200 11.80 0.432
PDF: -2.100 11.80 0.494
PDF: -2.000 11.80 0.558
PDF: -1.900 11.80 0.623
PDF: -1.800 11.80 0.688
PDF: -1.700 11.80 0.751
PDF: -1.600 11.80 0.810
PDF: -1.500 11.80 0.863
PDF: -1.400 11.80 0.910
PDF: -1.300 11.80 0.948
PDF: -1.200 11.80 0.976
PDF: -1.100 11.80 0.994
PDF: -1.000 11.80 1.000
PDF: -0.900 11.80 0.998
PDF: -0.800 11.80 0.990
PDF: -0.700 11.80 0.977
PDF: -0.600 11.80 0.959
PDF: -0.500 11.80 0.937
PDF: -0.400 11.80 0.910
PDF: -0.300 11.80 0.880
PDF: -0.200 11.80 0.846
PDF: -0.100 11.80 0.809
PDF: -0.000 11.80 0.769
PDF: 0.100 11.80 0.728
PDF: 0.200 11.80 0.685
PDF: 0.300 11.80 0.642
PDF: 0.400 11.80 0.598
PDF: 0.500 11.80 0.554
PDF: 0.600 11.80 0.510
PDF: 0.700 11.80 0.468
PDF: 0.800 11.80 0.427
PDF: 0.900 11.80 0.387
PDF: 1.000 11.80 0.349
PDF: 1.100 11.80 0.314
PDF: 1.200 11.80 0.280
PDF: 1.300 11.80 0.249
PDF: 1.400 11.80 0.220
PDF: 1.500 11.80 0.193
PDF: 1.600 11.80 0.169
PDF: 1.700 11.80 0.147
PDF: 1.800 11.80 0.127
PDF: 1.900 11.80 0.109
PDF: 2.000 11.80 0.094
PDF: 2.100 11.80 0.080
PDF: 2.200 11.80 0.067
PDF: 2.300 11.80 0.057
PDF: 2.400 11.80 0.048
PDF: 2.500 11.80 0.040
PDF: 2.600 11.80 0.033
PDF: 2.700 11.80 0.027
PDF: 2.800 11.80 0.022
PDF: 2.900 11.80 0.018
PDF: 3.000 11.80 0.015
PDF: 3.100 11.80 0.012
PDF: 3.200 11.80 0.010
PDF: 3.300 11.80 0.008
PDF: 3.400 11.80 0.006
PDF: 3.500 11.80 0.005
PDF: 3.600 11.80 0.004
PDF: 3.700 11.80 0.003
PDF: 3.800 11.80 0.002
PDF: 3.900 11.80 0.002
PDF: 4.000 11.80 0.001
PDF: 4.100 11.80 0.001
PDF: 4.200 11.80 0.001
PDF: 4.300 11.80 0.001
PDF: 4.400 11.80 0.000
PDF: 4.500 11.80 0.000
PDF: 4.600 11.80 0.000
PDF: 4.700 11.80 0.000
PDF: 4.800 11.80 0.000
PDF: 4.900 11.80 0.000
PDF: -5.000 12.00 0.007
PDF: -4.900 12.00 0.009
PDF: -4.800 12.00 0.011
PDF: -4.700 12.00 0.013
PDF: -4.600 12.00 0.016
PDF: -4.500 12.00 0.019
PDF: -4.400 12.00 0.024
PDF: -4.300 12.00 0.029
PDF: -4.200 12.00 0.034
PDF: -4.100 12.00 0.041
PDF: -4.000 12.00 0.049
PDF: -3.900 12.00 0.058
PDF: -3.800 12.00 0.068
PDF: -3.700 12.00 0.080
PDF: -3.600 12.00 0.093
PDF: -3.500 12.00 0.108
PDF: -3.400 12.00 0.125
PDF: -3.300 12.00 0.143
PDF: -3.200 12.00 0.164
PDF: -3.100 12.00 0.187
PDF: -3.000 12.00 0.211
PDF: -2.900 12.00 0.238
PDF: -2.800 12.00 0.268
PDF: -2.700 12.00 0.299
PDF: -2.600 12.00 0.332
PDF: -2.500 12.00 0.367
PDF: -2.400 12.00 0.404
PDF: -2.300 12.00 0.443
PDF: -2.200 12.00 0.483
PDF: -2.100 12.00 0.524
PDF: -2.000 12.00 0.566
PDF: -1.900 12.00 0.608
PDF: -1.800 12.00 0.650
PDF: -1.700 12.00 0.692
PDF: -1.600 12.00 0.733
PDF: -1.500 12.00 0.772
PDF: -1.400 12.00 0.810
PDF: -1.300 12.00 0.845
PDF: -1.200 12.00 0.878
PDF: -1.100 12.00 0.907
PDF: -1.000 12.00 0.933
PDF: -0.900 12.00 0.956
PDF: -0.800 12.00 0.974
PDF: -0.700 12.00 0.987
PDF: -0.600 12.00 0.996
PDF: -0.500 12.00 1.000
PDF: -0.400 12.00 0.998
PDF: -0.300 12.00 0.987
PDF: -0.200 12.00 0.967
PDF: -0.100 12.00 0.938
PDF: -0.000 12.00 0.901
PDF: 0.100 12.00 0.857
PDF: 0.200 12.00 0.808
PDF: 0.300 12.00 0.754
PDF: 0.400 12.00 0.697
PDF: 0.500 12.00 0.638
PDF: 0.600 12.00 0.579
PDF: 0.700 12.00 0.520
PDF: 0.800 12.00 0.462
PDF: 0.900 12.00 0.407
PDF: 1.000 12.00 0.355
PDF: 1.100 12.00 0.307
PDF: 1.200 12.00 0.262
PDF: 1.300 12.00 0.222
PDF: 1.400 12.00 0.187
PDF: 1.500 12.00 0.155
PDF: 1.600 12.00 0.128
PDF: 1.700 12.00 0.104
PDF: 1.800 12.00 0.084
PDF: 1.900 12.00 0.067
PDF: 2.000 12.00 0.053
PDF: 2.100 12.00 0.042
PDF: 2.200 12.00 0.032
PDF: 2.300 12.00 0.025
PDF: 2.400 12.00 0.019
PDF: 2.500 12.00 0.014
PDF: 2.600 12.00 0.011
PDF: 2.700 12.00 0.008
PDF: 2.800 12.00 0.006
PDF: 2.900 12.00 0.004
PDF: 3.000 12.00 0.003
PDF: 3.100 12.00 0.002
PDF: 3.200 12.00 0.002
PDF: 3.300 12.00 0.001
PDF: 3.400 12.00 0.001
PDF: 3.500 12.00 0.001
PDF: 3.600 12.00 0.000
PDF: 3.700 12.00 0.000
PDF: 3.800 12.00 0.000
PDF: 3.900 12.00 0.000
PDF: 4.000 12.00 0.000
PDF: 4.100 12.00 0.000
PDF: 4.200 12.00 0.000
PDF: 4.300 12.00 0.000
PDF: 4.400 12.00 0.000
PDF: 4.500 12.00 0.000
PDF: 4.600 12.00 0.000
PDF: 4.700 12.00 0.000
PDF: 4.800 12.00 0.000
PDF: 4.900 12.00 0.000
PDF: -5.000 12.20 0.001
PDF: -4.900 12.20 0.001
PDF: -4.800 12.20 0.001
PDF: -4.700 12.20 0.002
PDF: -4.600 12.20 0.002
PDF: -4.500 12.20 0.003
PDF: -4.400 12.20 0.005
PDF: -4.300 12.20 0.006
PDF: -4.200 12.20 0.009
PDF: -4.100 12.20 0.012
PDF: -4.000 12.20 0.016
PDF: -3.900 12.20 0.021
PDF: -3.800 12.20 0.028
PDF: -3.700 12.20 0.036
PDF: -3.600 12.20 0.046
PDF: -3.500 12.20 0.059
PDF: -3.400 12.20 0.074
PDF: -3.300 12.20 0.093
PDF: -3.200 12.20 0.115
PDF: -3.100 12.20 0.141
PDF: -3.000 12.20 0.171
PDF: -2.900 12.20 0.205
PDF: -2.800 12.20 0.244
PDF: -2.700 12.20 0.287
PDF: -2.600 12.20 0.334
PDF: -2.500 12.20 0.386
PDF: -2.400 12.20 0.440
PDF: -2.300 12.20 0.498
PDF: -2.200 12.20 0.557
PDF: -2.100 12.20 0.618
PDF: -2.000 12.20 0.678
PDF: -1.900 12.20 0.737
PDF: -1.800 12.20 0.793
PDF: -1.700 12.20 0.844
PDF: -1.600 12.20 0.890
PDF: -1.500 12.20 0.929
PDF: -1.400 12.20 0.961
PDF: -1.300 12.20 0.983
PDF: -1.200 12.20 0.997
PDF: -1.100 12.20 1.000
PDF: -1.000 12.20 0.997
PDF: -0.900 12.20 0.989
PDF: -0.800 12.20 0.976
PDF: -0.700 12.20 0.959
PDF: -0.600 12.20 0.937
PDF: -0.500 12.20 0.912
PDF: -0.400 12.20 0.883
PDF: -0.300 12.20 0.850
PDF: -0.200 12.20 0.815
PDF: -0.100 12.20 0.778
PDF: -0.000 12.20 0.738
PDF: 0.100 12.20 0.698
PDF: 0.200 12.20 0.656
PDF: 0.300 12.20 0.614
PDF: 0.400 12.20 0.571
PDF: 0.500 12.20 0.529
PDF: 0.600 12.20 0.488
PDF: 0.700 12.20 0.448
PDF: 0.800 12.20 0.409
PDF: 0.900 12.20 0.372
PDF: 1.000 12.20 0.336
PDF: 1.100 12.20 0.303
PDF: 1.200 12.20 0.271
PDF: 1.300 12.20 0.241
PDF: 1.400 12.20 0.214
PDF: 1.500 12.20 0.189
PDF: 1.600 12.20 0.166
PDF: 1.700 12.20 0.145
PDF: 1.800 12.20 0.126
PDF: 1.900 12.20 0.109
PDF: 2.000 12.20 0.094
PDF: 2.100 12.20 0.081
PDF: 2.200 12.20 0.069
PDF: 2.300 12.20 0.058
PDF: 2.400 12.20 0.049
PDF: 2.500 12.20 0.041
PDF: 2.600 12.20 0.035
PDF: 2.700 12.20 0.029
PDF: 2.800 12.20 0.024
PDF: 2.900 12.20 0.020
PDF: 3.000 12.20 0.016
PDF: 3.100 12.20 0.013
PDF: 3.200 12.20 0.011
PDF: 3.300 12.20 0.009
PDF: 3.400 12.20 0.007
PDF: 3.500 12.20 0.006
PDF: 3.600 12.20 0.004
PDF: 3.700 12.20 0.004
PDF: 3.800 12.20 0.003
PDF: 3.900 12.20 0.002
PDF: 4.000 12.20 0.002
PDF: 4.100 12.20 0.001
PDF: 4.200 12.20 0.001
PDF: 4.300 12.20 0.001
PDF: 4.400 12.20 0.001
PDF: 4.500 12.20 0.000
PDF: 4.600 12.20 0.000
PDF: 4.700 12.20 0.000
PDF: 4.800 12.20 0.000
PDF: 4.900 12.20 0.000
